2500
2080
2080
1	1	2	2	0
2	1	2	2	1
3	1	2	2	2
4	1	2	2	3
5	1	2	2	4
6	1	2	2	5
7	1	2	2	6
8	1	2	2	7
9	1	2	2	8
10	1	2	2	9
11	1	2	2	10
12	1	2	2	11
13	1	2	2	12
14	1	2	2	13
15	1	2	2	14
16	1	2	2	15
17	1	2	2	16
18	1	2	2	17
19	1	2	2	18
20	1	2	2	19
21	1	2	2	20
22	1	2	2	21
23	1	2	2	22
24	1	2	2	23
25	1	2	2	24
26	1	2	2	25
27	1	2	2	26
28	1	2	2	27
29	1	2	2	28
30	1	2	2	29
31	1	2	2	30
32	1	2	2	31
33	1	2	2	32
34	1	2	2	33
35	1	2	2	34
36	1	2	2	35
37	1	2	2	36
38	1	2	2	37
39	1	2	2	38
40	1	2	2	39
41	1	2	2	40
42	1	2	2	41
43	1	2	2	42
44	1	2	2	43
45	1	2	2	44
46	1	2	2	45
1	2	2	2	46
2	2	2	2	47
3	2	2	2	48
4	2	2	2	49
5	2	2	2	50
6	2	2	2	51
7	2	2	2	52
8	2	2	2	53
9	2	2	2	54
10	2	2	2	55
11	2	2	2	56
12	2	2	2	57
13	2	2	2	58
14	2	2	2	59
15	2	2	2	60
16	2	2	2	61
17	2	2	2	62
18	2	2	2	63
19	2	2	2	64
20	2	2	2	65
21	2	2	2	66
22	2	2	2	67
23	2	2	2	68
24	2	2	2	69
25	2	2	2	70
26	2	2	2	71
27	2	2	2	72
28	2	2	2	73
29	2	2	2	74
30	2	2	2	75
31	2	2	2	76
32	2	2	2	77
33	2	2	2	78
34	2	2	2	79
35	2	2	2	80
36	2	2	2	81
37	2	2	2	82
38	2	2	2	83
39	2	2	2	84
40	2	2	2	85
41	2	2	2	86
42	2	2	2	87
43	2	2	2	88
44	2	2	2	89
45	2	2	2	90
46	2	2	2	91
1	3	2	2	92
2	3	2	2	93
3	3	2	2	94
4	3	2	2	95
5	3	2	2	96
6	3	2	2	97
7	3	2	2	98
8	3	2	2	99
9	3	2	2	100
10	3	2	2	101
11	3	2	2	102
12	3	2	2	103
13	3	2	2	104
14	3	2	2	105
15	3	2	2	106
16	3	2	2	107
17	3	2	2	108
18	3	2	2	109
19	3	2	2	110
20	3	2	2	111
21	3	2	2	112
22	3	2	2	113
23	3	2	2	114
24	3	2	2	115
25	3	2	2	116
26	3	2	2	117
27	3	2	2	118
28	3	2	2	119
29	3	2	2	120
30	3	2	2	121
31	3	2	2	122
32	3	2	2	123
33	3	2	2	124
34	3	2	2	125
35	3	2	2	126
36	3	2	2	127
37	3	2	2	128
38	3	2	2	129
39	3	2	2	130
40	3	2	2	131
41	3	2	2	132
42	3	2	2	133
43	3	2	2	134
44	3	2	2	135
45	3	2	2	136
46	3	2	2	137
1	4	2	2	138
2	4	2	2	139
3	4	2	2	140
4	4	2	2	141
5	4	2	2	142
6	4	2	2	143
7	4	2	2	144
8	4	2	2	145
9	4	2	2	146
10	4	2	2	147
11	4	2	2	148
12	4	2	2	149
13	4	2	2	150
14	4	2	2	151
15	4	2	2	152
16	4	2	2	153
17	4	2	2	154
18	4	2	2	155
19	4	2	2	156
20	4	2	2	157
21	4	2	2	158
22	4	2	2	159
23	4	2	2	160
24	4	2	2	161
25	4	2	2	162
26	4	2	2	163
27	4	2	2	164
28	4	2	2	165
29	4	2	2	166
30	4	2	2	167
31	4	2	2	168
32	4	2	2	169
33	4	2	2	170
34	4	2	2	171
35	4	2	2	172
36	4	2	2	173
37	4	2	2	174
38	4	2	2	175
39	4	2	2	176
40	4	2	2	177
41	4	2	2	178
42	4	2	2	179
43	4	2	2	180
44	4	2	2	181
45	4	2	2	182
46	4	2	2	183
1	5	2	2	184
2	5	2	2	185
3	5	2	2	186
4	5	2	2	187
5	5	2	2	188
6	5	2	2	189
7	5	2	2	190
8	5	2	2	191
9	5	2	2	192
10	5	2	2	193
11	5	2	2	194
12	5	2	2	195
13	5	2	2	196
14	5	2	2	197
15	5	2	2	198
16	5	2	2	199
17	5	2	2	200
18	5	2	2	201
19	5	2	2	202
20	5	2	2	203
21	5	2	2	204
22	5	2	2	205
23	5	2	2	206
24	5	2	2	207
25	5	2	2	208
26	5	2	2	209
27	5	2	2	210
28	5	2	2	211
29	5	2	2	212
30	5	2	2	213
31	5	2	2	214
32	5	2	2	215
33	5	2	2	216
34	5	2	2	217
35	5	2	2	218
36	5	2	2	219
37	5	2	2	220
38	5	2	2	221
39	5	2	2	222
40	5	2	2	223
41	5	2	2	224
42	5	2	2	225
43	5	2	2	226
44	5	2	2	227
45	5	2	2	228
46	5	2	2	229
1	6	2	2	230
2	6	2	2	231
3	6	2	2	232
4	6	2	2	233
5	6	2	2	234
6	6	2	2	235
7	6	2	2	236
8	6	2	2	237
9	6	2	2	238
10	6	2	2	239
11	6	2	2	240
12	6	2	2	241
13	6	2	2	242
14	6	2	2	243
15	6	2	2	244
16	6	2	2	245
17	6	2	2	246
18	6	2	2	247
19	6	2	2	248
20	6	2	2	249
21	6	2	2	250
22	6	2	2	251
23	6	2	2	252
24	6	2	2	253
25	6	2	2	254
26	6	2	2	255
27	6	2	2	256
28	6	2	2	257
29	6	2	2	258
30	6	2	2	259
31	6	2	2	260
32	6	2	2	261
33	6	2	2	262
34	6	2	2	263
35	6	2	2	264
36	6	2	2	265
37	6	2	2	266
38	6	2	2	267
39	6	2	2	268
40	6	2	2	269
41	6	2	2	270
42	6	2	2	271
43	6	2	2	272
44	6	2	2	273
45	6	2	2	274
46	6	2	2	275
1	7	2	2	276
2	7	2	2	277
3	7	2	2	278
4	7	2	2	279
5	7	2	2	280
6	7	2	2	281
7	7	2	2	282
8	7	2	2	283
9	7	2	2	284
10	7	2	2	285
11	7	2	2	286
12	7	2	2	287
13	7	2	2	288
14	7	2	2	289
15	7	2	2	290
16	7	2	2	291
17	7	2	2	292
18	7	2	2	293
19	7	2	2	294
20	7	2	2	295
21	7	2	2	296
22	7	2	2	297
23	7	2	2	298
24	7	2	2	299
25	7	2	2	300
26	7	2	2	301
27	7	2	2	302
28	7	2	2	303
29	7	2	2	304
30	7	2	2	305
31	7	2	2	306
32	7	2	2	307
33	7	2	2	308
34	7	2	2	309
35	7	2	2	310
36	7	2	2	311
37	7	2	2	312
38	7	2	2	313
39	7	2	2	314
40	7	2	2	315
41	7	2	2	316
42	7	2	2	317
43	7	2	2	318
44	7	2	2	319
45	7	2	2	320
46	7	2	2	321
1	8	2	2	322
2	8	2	2	323
3	8	2	2	324
4	8	2	2	325
5	8	2	2	326
6	8	2	2	327
7	8	2	2	328
8	8	2	2	329
9	8	2	2	330
10	8	2	2	331
11	8	2	2	332
12	8	2	2	333
13	8	2	2	334
14	8	2	2	335
15	8	2	2	336
16	8	2	2	337
17	8	2	2	338
18	8	2	2	339
19	8	2	2	340
20	8	2	2	341
21	8	2	2	342
22	8	2	2	343
23	8	2	2	344
24	8	2	2	345
25	8	2	2	346
26	8	2	2	347
27	8	2	2	348
28	8	2	2	349
29	8	2	2	350
30	8	2	2	351
31	8	2	2	352
32	8	2	2	353
33	8	2	2	354
34	8	2	2	355
35	8	2	2	356
36	8	2	2	357
37	8	2	2	358
38	8	2	2	359
39	8	2	2	360
40	8	2	2	361
41	8	2	2	362
42	8	2	2	363
43	8	2	2	364
44	8	2	2	365
45	8	2	2	366
46	8	2	2	367
1	9	2	2	368
2	9	2	2	369
3	9	2	2	370
4	9	2	2	371
5	9	2	2	372
6	9	2	2	373
7	9	2	2	374
8	9	2	2	375
9	9	2	2	376
10	9	2	2	377
11	9	2	2	378
12	9	2	2	379
13	9	2	2	380
14	9	2	2	381
15	9	2	2	382
16	9	2	2	383
17	9	2	2	384
18	9	2	2	385
19	9	2	2	386
20	9	2	2	387
21	9	2	2	388
22	9	2	2	389
23	9	2	2	390
24	9	2	2	391
25	9	2	2	392
26	9	2	2	393
27	9	2	2	394
28	9	2	2	395
29	9	2	2	396
30	9	2	2	397
31	9	2	2	398
32	9	2	2	399
33	9	2	2	400
34	9	2	2	401
35	9	2	2	402
36	9	2	2	403
37	9	2	2	404
38	9	2	2	405
39	9	2	2	406
40	9	2	2	407
41	9	2	2	408
42	9	2	2	409
43	9	2	2	410
44	9	2	2	411
45	9	2	2	412
46	9	2	2	413
1	10	2	2	414
2	10	2	2	415
3	10	2	2	416
4	10	2	2	417
5	10	2	2	418
6	10	2	2	419
7	10	2	2	420
8	10	2	2	421
9	10	2	2	422
10	10	2	2	423
11	10	2	2	424
12	10	2	2	425
13	10	2	2	426
14	10	2	2	427
15	10	2	2	428
16	10	2	2	429
17	10	2	2	430
18	10	2	2	431
19	10	2	2	432
20	10	2	2	433
21	10	2	2	434
22	10	2	2	435
23	10	2	2	436
24	10	2	2	437
25	10	2	2	438
26	10	2	2	439
27	10	2	2	440
28	10	2	2	441
29	10	2	2	442
30	10	2	2	443
31	10	2	2	444
32	10	2	2	445
33	10	2	2	446
34	10	2	2	447
35	10	2	2	448
36	10	2	2	449
37	10	2	2	450
38	10	2	2	451
39	10	2	2	452
40	10	2	2	453
41	10	2	2	454
42	10	2	2	455
43	10	2	2	456
44	10	2	2	457
45	10	2	2	458
46	10	2	2	459
1	11	2	2	460
2	11	2	2	461
3	11	2	2	462
4	11	2	2	463
5	11	2	2	464
6	11	2	2	465
7	11	2	2	466
8	11	2	2	467
9	11	2	2	468
10	11	2	2	469
11	11	2	2	470
12	11	2	2	471
13	11	2	2	472
14	11	2	2	473
15	11	2	2	474
16	11	2	2	475
17	11	2	2	476
18	11	2	2	477
19	11	2	2	478
20	11	2	2	479
21	11	2	2	480
22	11	2	2	481
23	11	2	2	482
24	11	2	2	483
25	11	2	2	484
26	11	2	2	485
27	11	2	2	486
28	11	2	2	487
29	11	2	2	488
30	11	2	2	489
31	11	2	2	490
32	11	2	2	491
33	11	2	2	492
34	11	2	2	493
35	11	2	2	494
36	11	2	2	495
37	11	2	2	496
38	11	2	2	497
39	11	2	2	498
40	11	2	2	499
41	11	2	2	500
42	11	2	2	501
43	11	2	2	502
44	11	2	2	503
45	11	2	2	504
46	11	2	2	505
1	12	2	2	506
2	12	2	2	507
3	12	2	2	508
4	12	2	2	509
5	12	2	2	510
6	12	2	2	511
7	12	2	2	512
8	12	2	2	513
9	12	2	2	514
10	12	2	2	515
11	12	2	2	516
12	12	2	2	517
13	12	2	2	518
14	12	2	2	519
15	12	2	2	520
16	12	2	2	521
17	12	2	2	522
18	12	2	2	523
19	12	2	2	524
20	12	2	2	525
21	12	2	2	526
22	12	2	2	527
23	12	2	2	528
24	12	2	2	529
25	12	2	2	530
26	12	2	2	531
27	12	2	2	532
28	12	2	2	533
29	12	2	2	534
30	12	2	2	535
31	12	2	2	536
32	12	2	2	537
33	12	2	2	538
34	12	2	2	539
35	12	2	2	540
36	12	2	2	541
37	12	2	2	542
38	12	2	2	543
39	12	2	2	544
40	12	2	2	545
41	12	2	2	546
42	12	2	2	547
43	12	2	2	548
44	12	2	2	549
45	12	2	2	550
46	12	2	2	551
1	13	2	2	552
2	13	2	2	553
3	13	2	2	554
4	13	2	2	555
5	13	2	2	556
6	13	2	2	557
7	13	2	2	558
8	13	2	2	559
9	13	2	2	560
10	13	2	2	561
11	13	2	2	562
12	13	2	2	563
13	13	2	2	564
14	13	2	2	565
15	13	2	2	566
16	13	2	2	567
17	13	2	2	568
18	13	2	2	569
19	13	2	2	570
20	13	2	2	571
21	13	2	2	572
22	13	2	2	573
23	13	2	2	574
24	13	2	2	575
25	13	2	2	576
26	13	2	2	577
27	13	2	2	578
28	13	2	2	579
29	13	2	2	580
30	13	2	2	581
31	13	2	2	582
32	13	2	2	583
33	13	2	2	584
34	13	2	2	585
35	13	2	2	586
36	13	2	2	587
37	13	2	2	588
38	13	2	2	589
39	13	2	2	590
40	13	2	2	591
41	13	2	2	592
42	13	2	2	593
43	13	2	2	594
44	13	2	2	595
45	13	2	2	596
46	13	2	2	597
1	14	2	2	598
2	14	2	2	599
3	14	2	2	600
4	14	2	2	601
5	14	2	2	602
6	14	2	2	603
7	14	2	2	604
8	14	2	2	605
9	14	2	2	606
10	14	2	2	607
11	14	2	2	608
12	14	2	2	609
13	14	2	2	610
14	14	2	2	611
15	14	2	2	612
16	14	2	2	613
17	14	2	2	614
18	14	2	2	615
19	14	2	2	616
20	14	2	2	617
21	14	2	2	618
22	14	2	2	619
23	14	2	2	620
24	14	2	2	621
25	14	2	2	622
26	14	2	2	623
27	14	2	2	624
28	14	2	2	625
29	14	2	2	626
30	14	2	2	627
31	14	2	2	628
32	14	2	2	629
33	14	2	2	630
34	14	2	2	631
35	14	2	2	632
36	14	2	2	633
37	14	2	2	634
38	14	2	2	635
39	14	2	2	636
40	14	2	2	637
41	14	2	2	638
42	14	2	2	639
43	14	2	2	640
44	14	2	2	641
45	14	2	2	642
46	14	2	2	643
1	15	2	2	644
2	15	2	2	645
3	15	2	2	646
4	15	2	2	647
5	15	2	2	648
6	15	2	2	649
7	15	2	2	650
8	15	2	2	651
9	15	2	2	652
10	15	2	2	653
11	15	2	2	654
12	15	2	2	655
13	15	2	2	656
14	15	2	2	657
15	15	2	2	658
16	15	2	2	659
17	15	2	2	660
18	15	2	2	661
19	15	2	2	662
20	15	2	2	663
21	15	2	2	664
22	15	2	2	665
23	15	2	2	666
24	15	2	2	667
25	15	2	2	668
26	15	2	2	669
27	15	2	2	670
28	15	2	2	671
29	15	2	2	672
30	15	2	2	673
31	15	2	2	674
32	15	2	2	675
33	15	2	2	676
34	15	2	2	677
35	15	2	2	678
36	15	2	2	679
37	15	2	2	680
38	15	2	2	681
39	15	2	2	682
40	15	2	2	683
41	15	2	2	684
42	15	2	2	685
43	15	2	2	686
44	15	2	2	687
45	15	2	2	688
46	15	2	2	689
1	16	2	2	690
2	16	2	2	691
3	16	2	2	692
4	16	2	2	693
5	16	2	2	694
6	16	2	2	695
7	16	2	2	696
8	16	2	2	697
9	16	2	2	698
10	16	2	2	699
11	16	2	2	700
12	16	2	2	701
13	16	2	2	702
14	16	2	2	703
15	16	2	2	704
16	16	2	2	705
17	16	2	2	706
18	16	2	2	707
19	16	2	2	708
20	16	2	2	709
21	16	2	2	710
22	16	2	2	711
23	16	2	2	712
24	16	2	2	713
25	16	2	2	714
26	16	2	2	715
27	16	2	2	716
28	16	2	2	717
29	16	2	2	718
30	16	2	2	719
31	16	2	2	720
32	16	2	2	721
33	16	2	2	722
34	16	2	2	723
35	16	2	2	724
36	16	2	2	725
37	16	2	2	726
38	16	2	2	727
39	16	2	2	728
40	16	2	2	729
41	16	2	2	730
42	16	2	2	731
43	16	2	2	732
44	16	2	2	733
45	16	2	2	734
46	16	2	2	735
1	17	2	2	736
2	17	2	2	737
3	17	2	2	738
4	17	2	2	739
5	17	2	2	740
6	17	2	2	741
7	17	2	2	742
8	17	2	2	743
9	17	2	2	744
10	17	2	2	745
11	17	2	2	746
12	17	2	2	747
13	17	2	2	748
14	17	2	2	749
15	17	2	2	750
16	17	2	2	751
17	17	2	2	752
18	17	2	2	753
19	17	2	2	754
20	17	2	2	755
21	17	2	2	756
22	17	2	2	757
23	17	2	2	758
24	17	2	2	759
25	17	2	2	760
26	17	2	2	761
27	17	2	2	762
28	17	2	2	763
29	17	2	2	764
30	17	2	2	765
31	17	2	2	766
32	17	2	2	767
33	17	2	2	768
34	17	2	2	769
35	17	2	2	770
36	17	2	2	771
37	17	2	2	772
38	17	2	2	773
39	17	2	2	774
40	17	2	2	775
41	17	2	2	776
42	17	2	2	777
43	17	2	2	778
44	17	2	2	779
45	17	2	2	780
46	17	2	2	781
1	18	2	2	782
2	18	2	2	783
3	18	2	2	784
4	18	2	2	785
5	18	2	2	786
6	18	2	2	787
7	18	2	2	788
8	18	2	2	789
9	18	2	2	790
10	18	2	2	791
11	18	2	2	792
12	18	2	2	793
13	18	2	2	794
14	18	2	2	795
15	18	2	2	796
16	18	2	2	797
17	18	2	2	798
18	18	2	2	799
19	18	2	2	800
20	18	2	2	801
21	18	2	2	802
22	18	2	2	803
23	18	2	2	804
24	18	2	2	805
25	18	2	2	806
26	18	2	2	807
27	18	2	2	808
28	18	2	2	809
29	18	2	2	810
30	18	2	2	811
31	18	2	2	812
32	18	2	2	813
33	18	2	2	814
34	18	2	2	815
35	18	2	2	816
36	18	2	2	817
37	18	2	2	818
38	18	2	2	819
39	18	2	2	820
40	18	2	2	821
41	18	2	2	822
42	18	2	2	823
43	18	2	2	824
44	18	2	2	825
45	18	2	2	826
46	18	2	2	827
1	19	2	2	828
2	19	2	2	829
3	19	2	2	830
4	19	2	2	831
5	19	2	2	832
6	19	2	2	833
7	19	2	2	834
8	19	2	2	835
9	19	2	2	836
10	19	2	2	837
11	19	2	2	838
12	19	2	2	839
13	19	2	2	840
14	19	2	2	841
15	19	2	2	842
16	19	2	2	843
17	19	2	2	844
18	19	2	2	845
19	19	2	2	846
20	19	2	2	847
21	19	2	2	848
22	19	2	2	849
23	19	2	2	850
24	19	2	2	851
25	19	2	2	852
26	19	2	2	853
27	19	2	2	854
28	19	2	2	855
29	19	2	2	856
30	19	2	2	857
31	19	2	2	858
32	19	2	2	859
33	19	2	2	860
34	19	2	2	861
35	19	2	2	862
36	19	2	2	863
37	19	2	2	864
38	19	2	2	865
39	19	2	2	866
40	19	2	2	867
41	19	2	2	868
42	19	2	2	869
43	19	2	2	870
44	19	2	2	871
45	19	2	2	872
46	19	2	2	873
1	20	2	2	874
2	20	2	2	875
3	20	2	2	876
4	20	2	2	877
5	20	2	2	878
6	20	2	2	879
7	20	2	2	880
8	20	2	2	881
9	20	2	2	882
10	20	2	2	883
11	20	2	2	884
12	20	2	2	885
13	20	2	2	886
14	20	2	2	887
15	20	2	2	888
16	20	2	2	889
17	20	2	2	890
18	20	2	2	891
19	20	2	2	892
20	20	2	2	893
21	20	2	2	894
22	20	2	2	895
23	20	2	2	896
24	20	2	2	897
25	20	2	2	898
26	20	2	2	899
27	20	2	2	900
28	20	2	2	901
29	20	2	2	902
30	20	2	2	903
31	20	2	2	904
32	20	2	2	905
33	20	2	2	906
34	20	2	2	907
35	20	2	2	908
36	20	2	2	909
37	20	2	2	910
38	20	2	2	911
39	20	2	2	912
40	20	2	2	913
41	20	2	2	914
42	20	2	2	915
43	20	2	2	916
44	20	2	2	917
45	20	2	2	918
46	20	2	2	919
1	21	2	2	920
2	21	2	2	921
3	21	2	2	922
4	21	2	2	923
5	21	2	2	924
6	21	2	2	925
7	21	2	2	926
8	21	2	2	927
9	21	2	2	928
10	21	2	2	929
11	21	2	2	930
12	21	2	2	931
13	21	2	2	932
14	21	2	2	933
15	21	2	2	934
16	21	2	2	935
17	21	2	2	936
18	21	2	2	937
19	21	2	2	938
20	21	2	2	939
21	21	2	2	940
22	21	2	2	941
23	21	2	2	942
24	21	2	2	943
25	21	2	2	944
26	21	2	2	945
27	21	2	2	946
28	21	2	2	947
29	21	2	2	948
30	21	2	2	949
31	21	2	2	950
32	21	2	2	951
33	21	2	2	952
34	21	2	2	953
35	21	2	2	954
36	21	2	2	955
37	21	2	2	956
38	21	2	2	957
39	21	2	2	958
40	21	2	2	959
41	21	2	2	960
42	21	2	2	961
43	21	2	2	962
44	21	2	2	963
45	21	2	2	964
46	21	2	2	965
1	22	2	2	966
2	22	2	2	967
3	22	2	2	968
4	22	2	2	969
5	22	2	2	970
6	22	2	2	971
7	22	2	2	972
8	22	2	2	973
9	22	2	2	974
10	22	2	2	975
11	22	2	2	976
12	22	2	2	977
13	22	2	2	978
14	22	2	2	979
15	22	2	2	980
16	22	2	2	981
17	22	2	2	982
18	22	2	2	983
19	22	2	2	984
20	22	2	2	985
21	22	2	2	986
22	22	2	2	987
23	22	2	2	988
24	22	2	2	989
25	22	2	2	990
26	22	2	2	991
27	22	2	2	992
28	22	2	2	993
29	22	2	2	994
30	22	2	2	995
31	22	2	2	996
32	22	2	2	997
33	22	2	2	998
34	22	2	2	999
35	22	2	2	1000
36	22	2	2	1001
37	22	2	2	1002
38	22	2	2	1003
39	22	2	2	1004
40	22	2	2	1005
41	22	2	2	1006
42	22	2	2	1007
43	22	2	2	1008
44	22	2	2	1009
45	22	2	2	1010
46	22	2	2	1011
1	23	2	2	1012
2	23	2	2	1013
3	23	2	2	1014
4	23	2	2	1015
5	23	2	2	1016
6	23	2	2	1017
7	23	2	2	1018
8	23	2	2	1019
9	23	2	2	1020
10	23	2	2	1021
11	23	2	2	1022
12	23	2	2	1023
13	23	2	2	1024
14	23	2	2	1025
15	23	2	2	1026
16	23	2	2	1027
17	23	2	2	1028
18	23	2	2	1029
19	23	2	2	1030
20	23	2	2	1031
21	23	2	2	1032
22	23	2	2	1033
23	23	2	2	1034
24	23	2	2	1035
25	23	2	2	1036
26	23	2	2	1037
27	23	2	2	1038
28	23	2	2	1039
29	23	2	2	1040
30	23	2	2	1041
31	23	2	2	1042
32	23	2	2	1043
33	23	2	2	1044
34	23	2	2	1045
35	23	2	2	1046
36	23	2	2	1047
37	23	2	2	1048
38	23	2	2	1049
39	23	2	2	1050
40	23	2	2	1051
41	23	2	2	1052
42	23	2	2	1053
43	23	2	2	1054
44	23	2	2	1055
45	23	2	2	1056
46	23	2	2	1057
1	24	2	2	1058
2	24	2	2	1059
3	24	2	2	1060
4	24	2	2	1061
5	24	2	2	1062
6	24	2	2	1063
7	24	2	2	1064
8	24	2	2	1065
9	24	2	2	1066
10	24	2	2	1067
11	24	2	2	1068
12	24	2	2	1069
13	24	2	2	1070
14	24	2	2	1071
15	24	2	2	1072
16	24	2	2	1073
17	24	2	2	1074
18	24	2	2	1075
19	24	2	2	1076
20	24	2	2	1077
21	24	2	2	1078
22	24	2	2	1079
23	24	2	2	1080
24	24	2	2	1081
25	24	2	2	1082
26	24	2	2	1083
27	24	2	2	1084
28	24	2	2	1085
29	24	2	2	1086
30	24	2	2	1087
31	24	2	2	1088
32	24	2	2	1089
33	24	2	2	1090
34	24	2	2	1091
35	24	2	2	1092
36	24	2	2	1093
37	24	2	2	1094
38	24	2	2	1095
39	24	2	2	1096
40	24	2	2	1097
41	24	2	2	1098
42	24	2	2	1099
43	24	2	2	1100
44	24	2	2	1101
45	24	2	2	1102
46	24	2	2	1103
1	25	2	2	1104
2	25	2	2	1105
3	25	2	2	1106
4	25	2	2	1107
5	25	2	2	1108
6	25	2	2	1109
7	25	2	2	1110
8	25	2	2	1111
9	25	2	2	1112
10	25	2	2	1113
11	25	2	2	1114
12	25	2	2	1115
13	25	2	2	1116
14	25	2	2	1117
15	25	2	2	1118
16	25	2	2	1119
17	25	2	2	1120
18	25	2	2	1121
19	25	2	2	1122
20	25	2	2	1123
21	25	2	2	1124
22	25	2	2	1125
23	25	2	2	1126
24	25	2	2	1127
25	25	2	2	1128
26	25	2	2	1129
27	25	2	2	1130
28	25	2	2	1131
29	25	2	2	1132
30	25	2	2	1133
31	25	2	2	1134
32	25	2	2	1135
33	25	2	2	1136
34	25	2	2	1137
35	25	2	2	1138
36	25	2	2	1139
37	25	2	2	1140
38	25	2	2	1141
39	25	2	2	1142
40	25	2	2	1143
41	25	2	2	1144
42	25	2	2	1145
43	25	2	2	1146
44	25	2	2	1147
45	25	2	2	1148
46	25	2	2	1149
1	26	2	2	1150
2	26	2	2	1151
3	26	2	2	1152
4	26	2	2	1153
5	26	2	2	1154
6	26	2	2	1155
7	26	2	2	1156
8	26	2	2	1157
9	26	2	2	1158
10	26	2	2	1159
11	26	2	2	1160
12	26	2	2	1161
13	26	2	2	1162
14	26	2	2	1163
15	26	2	2	1164
16	26	2	2	1165
17	26	2	2	1166
18	26	2	2	1167
19	26	2	2	1168
20	26	2	2	1169
21	26	2	2	1170
22	26	2	2	1171
23	26	2	2	1172
24	26	2	2	1173
25	26	2	2	1174
26	26	2	2	1175
27	26	2	2	1176
28	26	2	2	1177
29	26	2	2	1178
30	26	2	2	1179
31	26	2	2	1180
32	26	2	2	1181
33	26	2	2	1182
34	26	2	2	1183
35	26	2	2	1184
36	26	2	2	1185
37	26	2	2	1186
38	26	2	2	1187
39	26	2	2	1188
40	26	2	2	1189
41	26	2	2	1190
42	26	2	2	1191
43	26	2	2	1192
44	26	2	2	1193
45	26	2	2	1194
46	26	2	2	1195
1	27	2	2	1196
2	27	2	2	1197
3	27	2	2	1198
4	27	2	2	1199
5	27	2	2	1200
6	27	2	2	1201
7	27	2	2	1202
8	27	2	2	1203
9	27	2	2	1204
10	27	2	2	1205
11	27	2	2	1206
12	27	2	2	1207
13	27	2	2	1208
14	27	2	2	1209
15	27	2	2	1210
16	27	2	2	1211
17	27	2	2	1212
18	27	2	2	1213
19	27	2	2	1214
20	27	2	2	1215
21	27	2	2	1216
22	27	2	2	1217
23	27	2	2	1218
24	27	2	2	1219
25	27	2	2	1220
26	27	2	2	1221
27	27	2	2	1222
28	27	2	2	1223
29	27	2	2	1224
30	27	2	2	1225
31	27	2	2	1226
32	27	2	2	1227
33	27	2	2	1228
34	27	2	2	1229
35	27	2	2	1230
36	27	2	2	1231
37	27	2	2	1232
38	27	2	2	1233
39	27	2	2	1234
40	27	2	2	1235
41	27	2	2	1236
42	27	2	2	1237
43	27	2	2	1238
44	27	2	2	1239
45	27	2	2	1240
46	27	2	2	1241
1	28	2	2	1242
2	28	2	2	1243
3	28	2	2	1244
4	28	2	2	1245
5	28	2	2	1246
6	28	2	2	1247
7	28	2	2	1248
8	28	2	2	1249
9	28	2	2	1250
10	28	2	2	1251
11	28	2	2	1252
12	28	2	2	1253
13	28	2	2	1254
14	28	2	2	1255
15	28	2	2	1256
16	28	2	2	1257
17	28	2	2	1258
18	28	2	2	1259
19	28	2	2	1260
20	28	2	2	1261
21	28	2	2	1262
22	28	2	2	1263
23	28	2	2	1264
24	28	2	2	1265
25	28	2	2	1266
26	28	2	2	1267
27	28	2	2	1268
28	28	2	2	1269
29	28	2	2	1270
30	28	2	2	1271
31	28	2	2	1272
32	28	2	2	1273
33	28	2	2	1274
34	28	2	2	1275
35	28	2	2	1276
36	28	2	2	1277
37	28	2	2	1278
38	28	2	2	1279
39	28	2	2	1280
40	28	2	2	1281
41	28	2	2	1282
42	28	2	2	1283
43	28	2	2	1284
44	28	2	2	1285
45	28	2	2	1286
46	28	2	2	1287
1	29	2	2	1288
2	29	2	2	1289
3	29	2	2	1290
4	29	2	2	1291
5	29	2	2	1292
6	29	2	2	1293
7	29	2	2	1294
8	29	2	2	1295
9	29	2	2	1296
10	29	2	2	1297
11	29	2	2	1298
12	29	2	2	1299
13	29	2	2	1300
14	29	2	2	1301
15	29	2	2	1302
16	29	2	2	1303
17	29	2	2	1304
18	29	2	2	1305
19	29	2	2	1306
20	29	2	2	1307
21	29	2	2	1308
22	29	2	2	1309
23	29	2	2	1310
24	29	2	2	1311
25	29	2	2	1312
26	29	2	2	1313
27	29	2	2	1314
28	29	2	2	1315
29	29	2	2	1316
30	29	2	2	1317
31	29	2	2	1318
32	29	2	2	1319
33	29	2	2	1320
34	29	2	2	1321
35	29	2	2	1322
36	29	2	2	1323
37	29	2	2	1324
38	29	2	2	1325
39	29	2	2	1326
40	29	2	2	1327
41	29	2	2	1328
42	29	2	2	1329
43	29	2	2	1330
44	29	2	2	1331
45	29	2	2	1332
46	29	2	2	1333
1	30	2	2	1334
2	30	2	2	1335
3	30	2	2	1336
4	30	2	2	1337
5	30	2	2	1338
6	30	2	2	1339
7	30	2	2	1340
8	30	2	2	1341
9	30	2	2	1342
10	30	2	2	1343
11	30	2	2	1344
12	30	2	2	1345
13	30	2	2	1346
14	30	2	2	1347
15	30	2	2	1348
16	30	2	2	1349
17	30	2	2	1350
18	30	2	2	1351
19	30	2	2	1352
20	30	2	2	1353
21	30	2	2	1354
22	30	2	2	1355
23	30	2	2	1356
24	30	2	2	1357
25	30	2	2	1358
26	30	2	2	1359
27	30	2	2	1360
28	30	2	2	1361
29	30	2	2	1362
30	30	2	2	1363
31	30	2	2	1364
32	30	2	2	1365
33	30	2	2	1366
34	30	2	2	1367
35	30	2	2	1368
36	30	2	2	1369
37	30	2	2	1370
38	30	2	2	1371
39	30	2	2	1372
40	30	2	2	1373
41	30	2	2	1374
42	30	2	2	1375
43	30	2	2	1376
44	30	2	2	1377
45	30	2	2	1378
46	30	2	2	1379
1	31	2	2	1380
2	31	2	2	1381
3	31	2	2	1382
4	31	2	2	1383
5	31	2	2	1384
6	31	2	2	1385
7	31	2	2	1386
8	31	2	2	1387
9	31	2	2	1388
10	31	2	2	1389
11	31	2	2	1390
12	31	2	2	1391
13	31	2	2	1392
14	31	2	2	1393
15	31	2	2	1394
16	31	2	2	1395
17	31	2	2	1396
18	31	2	2	1397
19	31	2	2	1398
20	31	2	2	1399
21	31	2	2	1400
22	31	2	2	1401
23	31	2	2	1402
24	31	2	2	1403
25	31	2	2	1404
26	31	2	2	1405
27	31	2	2	1406
28	31	2	2	1407
29	31	2	2	1408
30	31	2	2	1409
31	31	2	2	1410
32	31	2	2	1411
33	31	2	2	1412
34	31	2	2	1413
35	31	2	2	1414
36	31	2	2	1415
37	31	2	2	1416
38	31	2	2	1417
39	31	2	2	1418
40	31	2	2	1419
41	31	2	2	1420
42	31	2	2	1421
43	31	2	2	1422
44	31	2	2	1423
45	31	2	2	1424
46	31	2	2	1425
1	32	2	2	1426
2	32	2	2	1427
3	32	2	2	1428
4	32	2	2	1429
5	32	2	2	1430
6	32	2	2	1431
7	32	2	2	1432
8	32	2	2	1433
9	32	2	2	1434
10	32	2	2	1435
11	32	2	2	1436
12	32	2	2	1437
13	32	2	2	1438
14	32	2	2	1439
15	32	2	2	1440
16	32	2	2	1441
17	32	2	2	1442
18	32	2	2	1443
19	32	2	2	1444
20	32	2	2	1445
21	32	2	2	1446
22	32	2	2	1447
23	32	2	2	1448
24	32	2	2	1449
25	32	2	2	1450
26	32	2	2	1451
27	32	2	2	1452
28	32	2	2	1453
29	32	2	2	1454
30	32	2	2	1455
31	32	2	2	1456
32	32	2	2	1457
33	32	2	2	1458
34	32	2	2	1459
35	32	2	2	1460
36	32	2	2	1461
37	32	2	2	1462
38	32	2	2	1463
39	32	2	2	1464
40	32	2	2	1465
41	32	2	2	1466
42	32	2	2	1467
43	32	2	2	1468
44	32	2	2	1469
45	32	2	2	1470
46	32	2	2	1471
1	33	2	2	1472
2	33	2	2	1473
3	33	2	2	1474
4	33	2	2	1475
5	33	2	2	1476
6	33	2	2	1477
7	33	2	2	1478
8	33	2	2	1479
9	33	2	2	1480
10	33	2	2	1481
11	33	2	2	1482
12	33	2	2	1483
13	33	2	2	1484
14	33	2	2	1485
15	33	2	2	1486
16	33	2	2	1487
17	33	2	2	1488
18	33	2	2	1489
19	33	2	2	1490
20	33	2	2	1491
21	33	2	2	1492
22	33	2	2	1493
23	33	2	2	1494
24	33	2	2	1495
25	33	2	2	1496
26	33	2	2	1497
27	33	2	2	1498
28	33	2	2	1499
29	33	2	2	1500
30	33	2	2	1501
31	33	2	2	1502
32	33	2	2	1503
33	33	2	2	1504
34	33	2	2	1505
35	33	2	2	1506
36	33	2	2	1507
37	33	2	2	1508
38	33	2	2	1509
39	33	2	2	1510
40	33	2	2	1511
41	33	2	2	1512
42	33	2	2	1513
43	33	2	2	1514
44	33	2	2	1515
45	33	2	2	1516
46	33	2	2	1517
1	34	2	2	1518
2	34	2	2	1519
3	34	2	2	1520
4	34	2	2	1521
5	34	2	2	1522
6	34	2	2	1523
7	34	2	2	1524
8	34	2	2	1525
9	34	2	2	1526
10	34	2	2	1527
11	34	2	2	1528
12	34	2	2	1529
13	34	2	2	1530
14	34	2	2	1531
15	34	2	2	1532
16	34	2	2	1533
17	34	2	2	1534
18	34	2	2	1535
19	34	2	2	1536
20	34	2	2	1537
21	34	2	2	1538
22	34	2	2	1539
23	34	2	2	1540
24	34	2	2	1541
25	34	2	2	1542
26	34	2	2	1543
27	34	2	2	1544
28	34	2	2	1545
29	34	2	2	1546
30	34	2	2	1547
31	34	2	2	1548
32	34	2	2	1549
33	34	2	2	1550
34	34	2	2	1551
35	34	2	2	1552
36	34	2	2	1553
37	34	2	2	1554
38	34	2	2	1555
39	34	2	2	1556
40	34	2	2	1557
41	34	2	2	1558
42	34	2	2	1559
43	34	2	2	1560
44	34	2	2	1561
45	34	2	2	1562
46	34	2	2	1563
1	35	2	2	1564
2	35	2	2	1565
3	35	2	2	1566
4	35	2	2	1567
5	35	2	2	1568
6	35	2	2	1569
7	35	2	2	1570
8	35	2	2	1571
9	35	2	2	1572
10	35	2	2	1573
11	35	2	2	1574
12	35	2	2	1575
13	35	2	2	1576
14	35	2	2	1577
15	35	2	2	1578
16	35	2	2	1579
17	35	2	2	1580
18	35	2	2	1581
19	35	2	2	1582
20	35	2	2	1583
21	35	2	2	1584
22	35	2	2	1585
23	35	2	2	1586
24	35	2	2	1587
25	35	2	2	1588
26	35	2	2	1589
27	35	2	2	1590
28	35	2	2	1591
29	35	2	2	1592
30	35	2	2	1593
31	35	2	2	1594
32	35	2	2	1595
33	35	2	2	1596
34	35	2	2	1597
35	35	2	2	1598
36	35	2	2	1599
37	35	2	2	1600
38	35	2	2	1601
39	35	2	2	1602
40	35	2	2	1603
41	35	2	2	1604
42	35	2	2	1605
43	35	2	2	1606
44	35	2	2	1607
45	35	2	2	1608
46	35	2	2	1609
1	36	2	2	1610
2	36	2	2	1611
3	36	2	2	1612
4	36	2	2	1613
5	36	2	2	1614
6	36	2	2	1615
7	36	2	2	1616
8	36	2	2	1617
9	36	2	2	1618
10	36	2	2	1619
11	36	2	2	1620
12	36	2	2	1621
13	36	2	2	1622
14	36	2	2	1623
15	36	2	2	1624
16	36	2	2	1625
17	36	2	2	1626
18	36	2	2	1627
19	36	2	2	1628
20	36	2	2	1629
21	36	2	2	1630
22	36	2	2	1631
23	36	2	2	1632
24	36	2	2	1633
25	36	2	2	1634
26	36	2	2	1635
27	36	2	2	1636
28	36	2	2	1637
29	36	2	2	1638
30	36	2	2	1639
31	36	2	2	1640
32	36	2	2	1641
33	36	2	2	1642
34	36	2	2	1643
35	36	2	2	1644
36	36	2	2	1645
37	36	2	2	1646
38	36	2	2	1647
39	36	2	2	1648
40	36	2	2	1649
41	36	2	2	1650
42	36	2	2	1651
43	36	2	2	1652
44	36	2	2	1653
45	36	2	2	1654
46	36	2	2	1655
1	37	2	2	1656
2	37	2	2	1657
3	37	2	2	1658
4	37	2	2	1659
5	37	2	2	1660
6	37	2	2	1661
7	37	2	2	1662
8	37	2	2	1663
9	37	2	2	1664
10	37	2	2	1665
11	37	2	2	1666
12	37	2	2	1667
13	37	2	2	1668
14	37	2	2	1669
15	37	2	2	1670
16	37	2	2	1671
17	37	2	2	1672
18	37	2	2	1673
19	37	2	2	1674
20	37	2	2	1675
21	37	2	2	1676
22	37	2	2	1677
23	37	2	2	1678
24	37	2	2	1679
25	37	2	2	1680
26	37	2	2	1681
27	37	2	2	1682
28	37	2	2	1683
29	37	2	2	1684
30	37	2	2	1685
31	37	2	2	1686
32	37	2	2	1687
33	37	2	2	1688
34	37	2	2	1689
35	37	2	2	1690
36	37	2	2	1691
37	37	2	2	1692
38	37	2	2	1693
39	37	2	2	1694
40	37	2	2	1695
41	37	2	2	1696
42	37	2	2	1697
43	37	2	2	1698
44	37	2	2	1699
45	37	2	2	1700
46	37	2	2	1701
1	38	2	2	1702
2	38	2	2	1703
3	38	2	2	1704
4	38	2	2	1705
5	38	2	2	1706
6	38	2	2	1707
7	38	2	2	1708
8	38	2	2	1709
9	38	2	2	1710
10	38	2	2	1711
11	38	2	2	1712
12	38	2	2	1713
13	38	2	2	1714
14	38	2	2	1715
15	38	2	2	1716
16	38	2	2	1717
17	38	2	2	1718
18	38	2	2	1719
19	38	2	2	1720
20	38	2	2	1721
21	38	2	2	1722
22	38	2	2	1723
23	38	2	2	1724
24	38	2	2	1725
25	38	2	2	1726
26	38	2	2	1727
27	38	2	2	1728
28	38	2	2	1729
29	38	2	2	1730
30	38	2	2	1731
31	38	2	2	1732
32	38	2	2	1733
33	38	2	2	1734
34	38	2	2	1735
35	38	2	2	1736
36	38	2	2	1737
37	38	2	2	1738
38	38	2	2	1739
39	38	2	2	1740
40	38	2	2	1741
41	38	2	2	1742
42	38	2	2	1743
43	38	2	2	1744
44	38	2	2	1745
45	38	2	2	1746
46	38	2	2	1747
1	39	2	2	1748
2	39	2	2	1749
3	39	2	2	1750
4	39	2	2	1751
5	39	2	2	1752
6	39	2	2	1753
7	39	2	2	1754
8	39	2	2	1755
9	39	2	2	1756
10	39	2	2	1757
11	39	2	2	1758
12	39	2	2	1759
13	39	2	2	1760
14	39	2	2	1761
15	39	2	2	1762
16	39	2	2	1763
17	39	2	2	1764
18	39	2	2	1765
19	39	2	2	1766
20	39	2	2	1767
21	39	2	2	1768
22	39	2	2	1769
23	39	2	2	1770
24	39	2	2	1771
25	39	2	2	1772
26	39	2	2	1773
27	39	2	2	1774
28	39	2	2	1775
29	39	2	2	1776
30	39	2	2	1777
31	39	2	2	1778
32	39	2	2	1779
33	39	2	2	1780
34	39	2	2	1781
35	39	2	2	1782
36	39	2	2	1783
37	39	2	2	1784
38	39	2	2	1785
39	39	2	2	1786
40	39	2	2	1787
41	39	2	2	1788
42	39	2	2	1789
43	39	2	2	1790
44	39	2	2	1791
45	39	2	2	1792
46	39	2	2	1793
1	40	2	2	1794
2	40	2	2	1795
3	40	2	2	1796
4	40	2	2	1797
5	40	2	2	1798
6	40	2	2	1799
7	40	2	2	1800
8	40	2	2	1801
9	40	2	2	1802
10	40	2	2	1803
11	40	2	2	1804
12	40	2	2	1805
13	40	2	2	1806
14	40	2	2	1807
15	40	2	2	1808
16	40	2	2	1809
17	40	2	2	1810
18	40	2	2	1811
19	40	2	2	1812
20	40	2	2	1813
21	40	2	2	1814
22	40	2	2	1815
23	40	2	2	1816
24	40	2	2	1817
25	40	2	2	1818
26	40	2	2	1819
27	40	2	2	1820
28	40	2	2	1821
29	40	2	2	1822
30	40	2	2	1823
31	40	2	2	1824
32	40	2	2	1825
33	40	2	2	1826
34	40	2	2	1827
35	40	2	2	1828
36	40	2	2	1829
37	40	2	2	1830
38	40	2	2	1831
39	40	2	2	1832
40	40	2	2	1833
41	40	2	2	1834
42	40	2	2	1835
43	40	2	2	1836
44	40	2	2	1837
45	40	2	2	1838
46	40	2	2	1839
