136				
2080				
2080				
650	260	35	37	93
780	260	35	37	105
910	260	35	37	117
1040	260	35	37	64
1170	260	35	37	76
1300	260	35	37	88
390	390	35	37	73
520	390	35	37	87
650	390	35	37	99
780	390	35	37	111
910	390	35	37	123
1040	390	35	37	70
1170	390	35	37	82
1300	390	35	37	94
1430	390	35	37	100
1560	390	35	37	114
390	520	35	37	79
520	520	35	37	85
650	520	35	37	97
780	520	35	37	109
910	520	35	37	121
1040	520	35	37	68
1170	520	35	37	80
1300	520	35	37	92
1430	520	35	37	106
1560	520	35	37	112
260	650	35	37	71
390	650	35	37	77
520	650	35	37	91
650	650	35	37	103
780	650	35	37	115
910	650	35	37	127
1040	650	35	37	74
1170	650	35	37	86
1300	650	35	37	98
1430	650	35	37	104
1560	650	35	37	118
1690	650	35	37	120
260	780	35	37	69
390	780	35	37	83
520	780	35	37	89
650	780	35	37	101
780	780	35	37	113
910	780	35	37	125
1040	780	35	37	72
1170	780	35	37	84
1300	780	35	37	96
1430	780	35	37	110
1560	780	35	37	116
1690	780	35	37	126
260	910	35	37	75
390	910	35	37	81
520	910	35	37	95
650	910	35	37	107
780	910	35	37	119
910	910	35	37	66
1040	910	35	37	78
1170	910	35	37	90
1300	910	35	37	102
1430	910	35	37	108
1560	910	35	37	122
1690	910	35	37	124
260	1040	35	37	7
390	1040	35	37	9
520	1040	35	37	23
650	1040	35	37	29
780	1040	35	37	41
910	1040	35	37	53
1040	1040	35	37	0
1170	1040	35	37	12
1300	1040	35	37	24
1430	1040	35	37	36
1560	1040	35	37	50
1690	1040	35	37	56
260	1170	35	37	5
390	1170	35	37	15
520	1170	35	37	21
650	1170	35	37	35
780	1170	35	37	47
910	1170	35	37	59
1040	1170	35	37	6
1170	1170	35	37	18
1300	1170	35	37	30
1430	1170	35	37	42
1560	1170	35	37	48
1690	1170	35	37	62
260	1300	35	37	11
390	1300	35	37	13
520	1300	35	37	27
650	1300	35	37	33
780	1300	35	37	45
910	1300	35	37	57
1040	1300	35	37	4
1170	1300	35	37	16
1300	1300	35	37	28
1430	1300	35	37	40
1560	1300	35	37	54
1690	1300	35	37	60
390	1430	35	37	19
520	1430	35	37	25
650	1430	35	37	39
780	1430	35	37	51
910	1430	35	37	63
1040	1430	35	37	10
1170	1430	35	37	22
1300	1430	35	37	34
1430	1430	35	37	46
1560	1430	35	37	52
390	1560	35	37	17
520	1560	35	37	31
650	1560	35	37	37
780	1560	35	37	49
910	1560	35	37	61
1040	1560	35	37	8
1170	1560	35	37	20
1300	1560	35	37	32
1430	1560	35	37	44
1560	1560	35	37	58
650	1690	35	37	43
780	1690	35	37	55
910	1690	35	37	2
1040	1690	35	37	14
1170	1690	35	37	26
1300	1690	35	37	38
