256				
2080				
2080				
0	0	100	100	37
0	130	100	100	255
0	260	100	100	254
0	390	100	100	251
0	520	100	100	250
0	650	100	100	247
0	780	100	100	246
0	910	100	100	243
0	1040	100	100	242
0	1170	100	100	239
0	1300	100	100	238
0	1430	100	100	235
0	1560	100	100	234
0	1690	100	100	231
0	1820	100	100	230
0	1950	100	100	229
130	0	100	100	38
130	130	100	100	253
130	260	100	100	252
130	390	100	100	249
130	520	100	100	248
130	650	100	100	245
130	780	100	100	244
130	910	100	100	241
130	1040	100	100	240
130	1170	100	100	237
130	1300	100	100	236
130	1430	100	100	233
130	1560	100	100	232
130	1690	100	100	228
130	1820	100	100	189
130	1950	100	100	191
260	0	100	100	39
260	130	100	100	36
260	260	100	100	17
260	390	100	100	227
260	520	100	100	226
260	650	100	100	223
260	780	100	100	222
260	910	100	100	219
260	1040	100	100	218
260	1170	100	100	215
260	1300	100	100	214
260	1430	100	100	211
260	1560	100	100	210
260	1690	100	100	209
260	1820	100	100	188
260	1950	100	100	190
390	0	100	100	42
390	130	100	100	40
390	260	100	100	18
390	390	100	100	225
390	520	100	100	224
390	650	100	100	221
390	780	100	100	220
390	910	100	100	217
390	1040	100	100	216
390	1170	100	100	213
390	1300	100	100	212
390	1430	100	100	208
390	1560	100	100	161
390	1690	100	100	163
390	1820	100	100	185
390	1950	100	100	187
520	0	100	100	43
520	130	100	100	41
520	260	100	100	19
520	390	100	100	16
520	520	100	100	5
520	650	100	100	207
520	780	100	100	206
520	910	100	100	203
520	1040	100	100	202
520	1170	100	100	199
520	1300	100	100	198
520	1430	100	100	197
520	1560	100	100	160
520	1690	100	100	162
520	1820	100	100	184
520	1950	100	100	186
650	0	100	100	46
650	130	100	100	44
650	260	100	100	22
650	390	100	100	20
650	520	100	100	6
650	650	100	100	205
650	780	100	100	204
650	910	100	100	201
650	1040	100	100	200
650	1170	100	100	196
650	1300	100	100	141
650	1430	100	100	143
650	1560	100	100	157
650	1690	100	100	159
650	1820	100	100	181
650	1950	100	100	183
780	0	100	100	47
780	130	100	100	45
780	260	100	100	23
780	390	100	100	21
780	520	100	100	7
780	650	100	100	4
780	780	100	100	1
780	910	100	100	195
780	1040	100	100	194
780	1170	100	100	193
780	1300	100	100	140
780	1430	100	100	142
780	1560	100	100	156
780	1690	100	100	158
780	1820	100	100	180
780	1950	100	100	182
910	0	100	100	50
910	130	100	100	48
910	260	100	100	26
910	390	100	100	24
910	520	100	100	10
910	650	100	100	8
910	780	100	100	2
910	910	100	100	192
910	1040	100	100	128
910	1170	100	100	131
910	1300	100	100	137
910	1430	100	100	139
910	1560	100	100	153
910	1690	100	100	155
910	1820	100	100	177
910	1950	100	100	179
1040	0	100	100	51
1040	130	100	100	49
1040	260	100	100	27
1040	390	100	100	25
1040	520	100	100	11
1040	650	100	100	9
1040	780	100	100	3
1040	910	100	100	0
1040	1040	100	100	64
1040	1170	100	100	130
1040	1300	100	100	136
1040	1430	100	100	138
1040	1560	100	100	152
1040	1690	100	100	154
1040	1820	100	100	176
1040	1950	100	100	178
1170	0	100	100	54
1170	130	100	100	52
1170	260	100	100	30
1170	390	100	100	28
1170	520	100	100	14
1170	650	100	100	12
1170	780	100	100	65
1170	910	100	100	66
1170	1040	100	100	67
1170	1170	100	100	129
1170	1300	100	100	132
1170	1430	100	100	135
1170	1560	100	100	149
1170	1690	100	100	151
1170	1820	100	100	173
1170	1950	100	100	175
1300	0	100	100	55
1300	130	100	100	53
1300	260	100	100	31
1300	390	100	100	29
1300	520	100	100	15
1300	650	100	100	13
1300	780	100	100	68
1300	910	100	100	72
1300	1040	100	100	73
1300	1170	100	100	76
1300	1300	100	100	77
1300	1430	100	100	134
1300	1560	100	100	148
1300	1690	100	100	150
1300	1820	100	100	172
1300	1950	100	100	174
1430	0	100	100	58
1430	130	100	100	56
1430	260	100	100	34
1430	390	100	100	32
1430	520	100	100	69
1430	650	100	100	70
1430	780	100	100	71
1430	910	100	100	74
1430	1040	100	100	75
1430	1170	100	100	78
1430	1300	100	100	79
1430	1430	100	100	133
1430	1560	100	100	144
1430	1690	100	100	147
1430	1820	100	100	169
1430	1950	100	100	171
1560	0	100	100	59
1560	130	100	100	57
1560	260	100	100	35
1560	390	100	100	33
1560	520	100	100	80
1560	650	100	100	84
1560	780	100	100	85
1560	910	100	100	88
1560	1040	100	100	89
1560	1170	100	100	92
1560	1300	100	100	93
1560	1430	100	100	96
1560	1560	100	100	97
1560	1690	100	100	146
1560	1820	100	100	168
1560	1950	100	100	170
1690	0	100	100	62
1690	130	100	100	60
1690	260	100	100	81
1690	390	100	100	82
1690	520	100	100	83
1690	650	100	100	86
1690	780	100	100	87
1690	910	100	100	90
1690	1040	100	100	91
1690	1170	100	100	94
1690	1300	100	100	95
1690	1430	100	100	98
1690	1560	100	100	99
1690	1690	100	100	145
1690	1820	100	100	164
1690	1950	100	100	167
1820	0	100	100	63
1820	130	100	100	61
1820	260	100	100	100
1820	390	100	100	104
1820	520	100	100	105
1820	650	100	100	108
1820	780	100	100	109
1820	910	100	100	112
1820	1040	100	100	113
1820	1170	100	100	116
1820	1300	100	100	117
1820	1430	100	100	120
1820	1560	100	100	121
1820	1690	100	100	124
1820	1820	100	100	125
1820	1950	100	100	166
1950	0	100	100	101
1950	130	100	100	102
1950	260	100	100	103
1950	390	100	100	106
1950	520	100	100	107
1950	650	100	100	110
1950	780	100	100	111
1950	910	100	100	114
1950	1040	100	100	115
1950	1170	100	100	118
1950	1300	100	100	119
1950	1430	100	100	122
1950	1560	100	100	123
1950	1690	100	100	126
1950	1820	100	100	127
1950	1950	100	100	165
