256
2080
2080
45 0 85 85 200
45 130 85 85 136
45 260 85 85 194
45 390 85 85 179
45 520 85 85 242
45 650 85 85 134
45 780 85 85 223
45 910 85 85 181
45 1040 85 85 236
45 1170 85 85 185
45 1300 85 85 247
45 1430 85 85 190
45 1560 85 85 246
45 1690 85 85 152
45 1820 85 85 33
45 1950 85 85 145
175 0 85 85 67
175 130 85 85 195
175 260 85 85 165
175 390 85 85 205
175 520 85 85 155
175 650 85 85 251
175 780 85 85 137
175 910 85 85 213
175 1040 85 85 184
175 1170 85 85 233
175 1300 85 85 132
175 1430 85 85 232
175 1560 85 85 175
175 1690 85 85 217
175 1820 85 85 161
175 1950 85 85 209
305 0 85 85 243
305 130 85 85 66
305 260 85 85 192
305 390 85 85 128
305 520 85 85 227
305 650 85 85 144
305 780 85 85 207
305 910 85 85 158
305 1040 85 85 193
305 1170 85 85 171
305 1300 85 85 231
305 1430 85 85 188
305 1560 85 85 48
305 1690 85 85 177
305 1820 85 85 47
305 1950 85 85 153
435 0 85 85 77
435 130 85 85 229
435 260 85 85 125
435 390 85 85 253
435 520 85 85 133
435 650 85 85 226
435 780 85 85 139
435 910 85 85 237
435 1040 85 85 157
435 1170 85 85 234
435 1300 85 85 151
435 1430 85 85 210
435 1560 85 85 176
435 1690 85 85 241
435 1820 85 85 182
435 1950 85 85 24
565 0 85 85 198
565 130 85 85 114
565 260 85 85 208
565 390 85 85 99
565 520 85 85 228
565 650 85 85 164
565 780 85 85 218
565 910 85 85 140
565 1040 85 85 199
565 1170 85 85 174
565 1300 85 85 63
565 1430 85 85 166
565 1560 85 85 23
565 1690 85 85 146
565 1820 85 85 4
565 1950 85 85 168
695 0 85 85 123
695 130 85 85 219
695 260 85 85 98
695 390 85 85 197
695 520 85 85 96
695 650 85 85 224
695 780 85 85 147
695 910 85 85 202
695 1040 85 85 150
695 1170 85 85 220
695 1300 85 85 191
695 1430 85 85 230
695 1560 85 85 167
695 1690 85 85 60
695 1820 85 85 183
695 1950 85 85 62
825 0 85 85 245
825 130 85 85 95
825 260 85 85 222
825 390 85 85 79
825 520 85 85 204
825 650 85 85 90
825 780 85 85 206
825 910 85 85 142
825 1040 85 85 20
825 1170 85 85 180
825 1300 85 85 22
825 1430 85 85 156
825 1560 85 85 29
825 1690 85 85 170
825 1820 85 85 56
825 1950 85 85 169
955 0 85 85 85
955 130 85 85 201
955 260 85 85 109
955 390 85 85 203
955 520 85 85 74
955 650 85 85 211
955 780 85 85 122
955 910 85 85 250
955 1040 85 85 148
955 1170 85 85 244
955 1300 85 85 135
955 1430 85 85 46
955 1560 85 85 129
955 1690 85 85 43
955 1820 85 85 172
955 1950 85 85 57
1085 0 85 85 249
1085 130 85 85 108
1085 260 85 85 235
1085 390 85 85 65
1085 520 85 85 238
1085 650 85 85 71
1085 780 85 85 52
1085 910 85 85 84
1085 1040 85 85 58
1085 1170 85 85 186
1085 1300 85 85 19
1085 1430 85 85 138
1085 1560 85 85 11
1085 1690 85 85 173
1085 1820 85 85 9
1085 1950 85 85 149
1215 0 85 85 105
1215 130 85 85 248
1215 260 85 85 106
1215 390 85 85 221
1215 520 85 85 92
1215 650 85 85 214
1215 780 85 85 116
1215 910 85 85 212
1215 1040 85 85 78
1215 1170 85 85 14
1215 1300 85 85 154
1215 1430 85 85 12
1215 1560 85 85 143
1215 1690 85 85 30
1215 1820 85 85 159
1215 1950 85 85 53
1345 0 85 85 254
1345 130 85 85 119
1345 260 85 85 252
1345 390 85 85 103
1345 520 85 85 38
1345 650 85 85 127
1345 780 85 85 28
1345 910 85 85 86
1345 1040 85 85 10
1345 1170 85 85 83
1345 1300 85 85 32
1345 1430 85 85 160
1345 1560 85 85 5
1345 1690 85 85 162
1345 1820 85 85 27
1345 1950 85 85 187
1475 0 85 85 104
1475 130 85 85 196
1475 260 85 85 82
1475 390 85 85 215
1475 520 85 85 102
1475 650 85 85 255
1475 780 85 85 110
1475 910 85 85 7
1475 1040 85 85 76
1475 1170 85 85 26
1475 1300 85 85 100
1475 1430 85 85 36
1475 1560 85 85 163
1475 1690 85 85 16
1475 1820 85 85 178
1475 1950 85 85 6
1605 0 85 85 216
1605 130 85 85 118
1605 260 85 85 49
1605 390 85 85 112
1605 520 85 85 18
1605 650 85 85 87
1605 780 85 85 42
1605 910 85 85 93
1605 1040 85 85 45
1605 1170 85 85 75
1605 1300 85 85 34
1605 1430 85 85 69
1605 1560 85 85 61
1605 1690 85 85 189
1605 1820 85 85 37
1605 1950 85 85 141
1735 0 85 85 89
1735 130 85 85 239
1735 260 85 85 113
1735 390 85 85 240
1735 520 85 85 124
1735 650 85 85 39
1735 780 85 85 107
1735 910 85 85 1
1735 1040 85 85 94
1735 1170 85 85 15
1735 1300 85 85 80
1735 1430 85 85 35
1735 1560 85 85 64
1735 1690 85 85 0
1735 1820 85 85 130
1735 1950 85 85 51
1865 0 85 85 17
1865 130 85 85 97
1865 260 85 85 25
1865 390 85 85 111
1865 520 85 85 40
1865 650 85 85 68
1865 780 85 85 41
1865 910 85 85 120
1865 1040 85 85 21
1865 1170 85 85 73
1865 1300 85 85 59
1865 1430 85 85 91
1865 1560 85 85 13
1865 1690 85 85 101
1865 1820 85 85 3
1865 1950 85 85 131
1995 0 85 85 81
1995 130 85 85 225
1995 260 85 85 88
1995 390 85 85 54
1995 520 85 85 126
1995 650 85 85 55
1995 780 85 85 121
1995 910 85 85 44
1995 1040 85 85 117
1995 1170 85 85 31
1995 1300 85 85 70
1995 1430 85 85 50
1995 1560 85 85 115
1995 1690 85 85 2
1995 1820 85 85 72
1995 1950 85 85 8
