1320
2080
2080
1  1  2  2  0
2  1  2  2  1
3  1  2  2  2
4  1  2  2  3
5  1  2  2  4
6  1  2  2  5
7  1  2  2  6
8  1  2  2  7
9  1  2  2  8
10   1   2   2   9
11   1   2   2  10
12   1   2   2  11
13   1   2   2  12
14   1   2   2  13
15   1   2   2  14
16   1   2   2  15
17   1   2   2  16
18   1   2   2  17
19   1   2   2  18
20   1   2   2  19
21   1   2   2  20
22   1   2   2  21
23   1   2   2  22
24   1   2   2  23
25   1   2   2  24
26   1   2   2  25
27   1   2   2  26
28   1   2   2  27
29   1   2   2  28
30   1   2   2  29
31   1   2   2  30
32   1   2   2  31
33   1   2   2  32
34   1   2   2  33
35   1   2   2  34
36   1   2   2  35
37   1   2   2  36
38   1   2   2  37
39   1   2   2  38
40   1   2   2  39
41   1   2   2  40
42   1   2   2  41
43   1   2   2  42
44   1   2   2  43
1   2   2   2  44
2   2   2   2  45
3   2   2   2  46
4   2   2   2  47
5   2   2   2  48
6   2   2   2  49
7   2   2   2  50
8   2   2   2  51
9   2   2   2  52
10   2   2   2  53
11   2   2   2  54
12   2   2   2  55
13   2   2   2  56
14   2   2   2  57
15   2   2   2  58
16   2   2   2  59
17   2   2   2  60
18   2   2   2  61
19   2   2   2  62
20   2   2   2  63
21   2   2   2  64
22   2   2   2  65
23   2   2   2  66
24   2   2   2  67
25   2   2   2  68
26   2   2   2  69
27   2   2   2  70
28   2   2   2  71
29   2   2   2  72
30   2   2   2  73
31   2   2   2  74
32   2   2   2  75
33   2   2   2  76
34   2   2   2  77
35   2   2   2  78
36   2   2   2  79
37   2   2   2  80
38   2   2   2  81
39   2   2   2  82
40   2   2   2  83
41   2   2   2  84
42   2   2   2  85
43   2   2   2  86
44   2   2   2  87
1   3   2   2  88
2   3   2   2  89
3   3   2   2  90
4   3   2   2  91
5   3   2   2  92
6   3   2   2  93
7   3   2   2  94
8   3   2   2  95
9   3   2   2  96
10   3   2   2  97
11   3   2   2  98
12   3   2   2  99
13    3    2    2  100
14    3    2    2  101
15    3    2    2  102
16    3    2    2  103
17    3    2    2  104
18    3    2    2  105
19    3    2    2  106
20    3    2    2  107
21    3    2    2  108
22    3    2    2  109
23    3    2    2  110
24    3    2    2  111
25    3    2    2  112
26    3    2    2  113
27    3    2    2  114
28    3    2    2  115
29    3    2    2  116
30    3    2    2  117
31    3    2    2  118
32    3    2    2  119
33    3    2    2  120
34    3    2    2  121
35    3    2    2  122
36    3    2    2  123
37    3    2    2  124
38    3    2    2  125
39    3    2    2  126
40    3    2    2  127
41    3    2    2  128
42    3    2    2  129
43    3    2    2  130
44    3    2    2  131
1    4    2    2  132
2    4    2    2  133
3    4    2    2  134
4    4    2    2  135
5    4    2    2  136
6    4    2    2  137
7    4    2    2  138
8    4    2    2  139
9    4    2    2  140
10    4    2    2  141
11    4    2    2  142
12    4    2    2  143
13    4    2    2  144
14    4    2    2  145
15    4    2    2  146
16    4    2    2  147
17    4    2    2  148
18    4    2    2  149
19    4    2    2  150
20    4    2    2  151
21    4    2    2  152
22    4    2    2  153
23    4    2    2  154
24    4    2    2  155
25    4    2    2  156
26    4    2    2  157
27    4    2    2  158
28    4    2    2  159
29    4    2    2  160
30    4    2    2  161
31    4    2    2  162
32    4    2    2  163
33    4    2    2  164
34    4    2    2  165
35    4    2    2  166
36    4    2    2  167
37    4    2    2  168
38    4    2    2  169
39    4    2    2  170
40    4    2    2  171
41    4    2    2  172
42    4    2    2  173
43    4    2    2  174
44    4    2    2  175
1    5    2    2  176
2    5    2    2  177
3    5    2    2  178
4    5    2    2  179
5    5    2    2  180
6    5    2    2  181
7    5    2    2  182
8    5    2    2  183
9    5    2    2  184
10    5    2    2  185
11    5    2    2  186
12    5    2    2  187
13    5    2    2  188
14    5    2    2  189
15    5    2    2  190
16    5    2    2  191
17    5    2    2  192
18    5    2    2  193
19    5    2    2  194
20    5    2    2  195
21    5    2    2  196
22    5    2    2  197
23    5    2    2  198
24    5    2    2  199
25    5    2    2  200
26    5    2    2  201
27    5    2    2  202
28    5    2    2  203
29    5    2    2  204
30    5    2    2  205
31    5    2    2  206
32    5    2    2  207
33    5    2    2  208
34    5    2    2  209
35    5    2    2  210
36    5    2    2  211
37    5    2    2  212
38    5    2    2  213
39    5    2    2  214
40    5    2    2  215
41    5    2    2  216
42    5    2    2  217
43    5    2    2  218
44    5    2    2  219
1    6    2    2  220
2    6    2    2  221
3    6    2    2  222
4    6    2    2  223
5    6    2    2  224
6    6    2    2  225
7    6    2    2  226
8    6    2    2  227
9    6    2    2  228
10    6    2    2  229
11    6    2    2  230
12    6    2    2  231
13    6    2    2  232
14    6    2    2  233
15    6    2    2  234
16    6    2    2  235
17    6    2    2  236
18    6    2    2  237
19    6    2    2  238
20    6    2    2  239
21    6    2    2  240
22    6    2    2  241
23    6    2    2  242
24    6    2    2  243
25    6    2    2  244
26    6    2    2  245
27    6    2    2  246
28    6    2    2  247
29    6    2    2  248
30    6    2    2  249
31    6    2    2  250
32    6    2    2  251
33    6    2    2  252
34    6    2    2  253
35    6    2    2  254
36    6    2    2  255
37    6    2    2  256
38    6    2    2  257
39    6    2    2  258
40    6    2    2  259
41    6    2    2  260
42    6    2    2  261
43    6    2    2  262
44    6    2    2  263
1    7    2    2  264
2    7    2    2  265
3    7    2    2  266
4    7    2    2  267
5    7    2    2  268
6    7    2    2  269
7    7    2    2  270
8    7    2    2  271
9    7    2    2  272
10    7    2    2  273
11    7    2    2  274
12    7    2    2  275
13    7    2    2  276
14    7    2    2  277
15    7    2    2  278
16    7    2    2  279
17    7    2    2  280
18    7    2    2  281
19    7    2    2  282
20    7    2    2  283
21    7    2    2  284
22    7    2    2  285
23    7    2    2  286
24    7    2    2  287
25    7    2    2  288
26    7    2    2  289
27    7    2    2  290
28    7    2    2  291
29    7    2    2  292
30    7    2    2  293
31    7    2    2  294
32    7    2    2  295
33    7    2    2  296
34    7    2    2  297
35    7    2    2  298
36    7    2    2  299
37    7    2    2  300
38    7    2    2  301
39    7    2    2  302
40    7    2    2  303
41    7    2    2  304
42    7    2    2  305
43    7    2    2  306
44    7    2    2  307
1    8    2    2  308
2    8    2    2  309
3    8    2    2  310
4    8    2    2  311
5    8    2    2  312
6    8    2    2  313
7    8    2    2  314
8    8    2    2  315
9    8    2    2  316
10    8    2    2  317
11    8    2    2  318
12    8    2    2  319
13    8    2    2  320
14    8    2    2  321
15    8    2    2  322
16    8    2    2  323
17    8    2    2  324
18    8    2    2  325
19    8    2    2  326
20    8    2    2  327
21    8    2    2  328
22    8    2    2  329
23    8    2    2  330
24    8    2    2  331
25    8    2    2  332
26    8    2    2  333
27    8    2    2  334
28    8    2    2  335
29    8    2    2  336
30    8    2    2  337
31    8    2    2  338
32    8    2    2  339
33    8    2    2  340
34    8    2    2  341
35    8    2    2  342
36    8    2    2  343
37    8    2    2  344
38    8    2    2  345
39    8    2    2  346
40    8    2    2  347
41    8    2    2  348
42    8    2    2  349
43    8    2    2  350
44    8    2    2  351
1    9    2    2  352
2    9    2    2  353
3    9    2    2  354
4    9    2    2  355
5    9    2    2  356
6    9    2    2  357
7    9    2    2  358
8    9    2    2  359
9    9    2    2  360
10    9    2    2  361
11    9    2    2  362
12    9    2    2  363
13    9    2    2  364
14    9    2    2  365
15    9    2    2  366
16    9    2    2  367
17    9    2    2  368
18    9    2    2  369
19    9    2    2  370
20    9    2    2  371
21    9    2    2  372
22    9    2    2  373
23    9    2    2  374
24    9    2    2  375
25    9    2    2  376
26    9    2    2  377
27    9    2    2  378
28    9    2    2  379
29    9    2    2  380
30    9    2    2  381
31    9    2    2  382
32    9    2    2  383
33    9    2    2  384
34    9    2    2  385
35    9    2    2  386
36    9    2    2  387
37    9    2    2  388
38    9    2    2  389
39    9    2    2  390
40    9    2    2  391
41    9    2    2  392
42    9    2    2  393
43    9    2    2  394
44    9    2    2  395
1   10    2    2  396
2   10    2    2  397
3   10    2    2  398
4   10    2    2  399
5   10    2    2  400
6   10    2    2  401
7   10    2    2  402
8   10    2    2  403
9   10    2    2  404
10   10    2    2  405
11   10    2    2  406
12   10    2    2  407
13   10    2    2  408
14   10    2    2  409
15   10    2    2  410
16   10    2    2  411
17   10    2    2  412
18   10    2    2  413
19   10    2    2  414
20   10    2    2  415
21   10    2    2  416
22   10    2    2  417
23   10    2    2  418
24   10    2    2  419
25   10    2    2  420
26   10    2    2  421
27   10    2    2  422
28   10    2    2  423
29   10    2    2  424
30   10    2    2  425
31   10    2    2  426
32   10    2    2  427
33   10    2    2  428
34   10    2    2  429
35   10    2    2  430
36   10    2    2  431
37   10    2    2  432
38   10    2    2  433
39   10    2    2  434
40   10    2    2  435
41   10    2    2  436
42   10    2    2  437
43   10    2    2  438
44   10    2    2  439
1   11    2    2  440
2   11    2    2  441
3   11    2    2  442
4   11    2    2  443
5   11    2    2  444
6   11    2    2  445
7   11    2    2  446
8   11    2    2  447
9   11    2    2  448
10   11    2    2  449
11   11    2    2  450
12   11    2    2  451
13   11    2    2  452
14   11    2    2  453
15   11    2    2  454
16   11    2    2  455
17   11    2    2  456
18   11    2    2  457
19   11    2    2  458
20   11    2    2  459
21   11    2    2  460
22   11    2    2  461
23   11    2    2  462
24   11    2    2  463
25   11    2    2  464
26   11    2    2  465
27   11    2    2  466
28   11    2    2  467
29   11    2    2  468
30   11    2    2  469
31   11    2    2  470
32   11    2    2  471
33   11    2    2  472
34   11    2    2  473
35   11    2    2  474
36   11    2    2  475
37   11    2    2  476
38   11    2    2  477
39   11    2    2  478
40   11    2    2  479
41   11    2    2  480
42   11    2    2  481
43   11    2    2  482
44   11    2    2  483
1   12    2    2  484
2   12    2    2  485
3   12    2    2  486
4   12    2    2  487
5   12    2    2  488
6   12    2    2  489
7   12    2    2  490
8   12    2    2  491
9   12    2    2  492
10   12    2    2  493
11   12    2    2  494
12   12    2    2  495
13   12    2    2  496
14   12    2    2  497
15   12    2    2  498
16   12    2    2  499
17   12    2    2  500
18   12    2    2  501
19   12    2    2  502
20   12    2    2  503
21   12    2    2  504
22   12    2    2  505
23   12    2    2  506
24   12    2    2  507
25   12    2    2  508
26   12    2    2  509
27   12    2    2  510
28   12    2    2  511
29   12    2    2  512
30   12    2    2  513
31   12    2    2  514
32   12    2    2  515
33   12    2    2  516
34   12    2    2  517
35   12    2    2  518
36   12    2    2  519
37   12    2    2  520
38   12    2    2  521
39   12    2    2  522
40   12    2    2  523
41   12    2    2  524
42   12    2    2  525
43   12    2    2  526
44   12    2    2  527
1   13    2    2  528
2   13    2    2  529
3   13    2    2  530
4   13    2    2  531
5   13    2    2  532
6   13    2    2  533
7   13    2    2  534
8   13    2    2  535
9   13    2    2  536
10   13    2    2  537
11   13    2    2  538
12   13    2    2  539
13   13    2    2  540
14   13    2    2  541
15   13    2    2  542
16   13    2    2  543
17   13    2    2  544
18   13    2    2  545
19   13    2    2  546
20   13    2    2  547
21   13    2    2  548
22   13    2    2  549
23   13    2    2  550
24   13    2    2  551
25   13    2    2  552
26   13    2    2  553
27   13    2    2  554
28   13    2    2  555
29   13    2    2  556
30   13    2    2  557
31   13    2    2  558
32   13    2    2  559
33   13    2    2  560
34   13    2    2  561
35   13    2    2  562
36   13    2    2  563
37   13    2    2  564
38   13    2    2  565
39   13    2    2  566
40   13    2    2  567
41   13    2    2  568
42   13    2    2  569
43   13    2    2  570
44   13    2    2  571
1   14    2    2  572
2   14    2    2  573
3   14    2    2  574
4   14    2    2  575
5   14    2    2  576
6   14    2    2  577
7   14    2    2  578
8   14    2    2  579
9   14    2    2  580
10   14    2    2  581
11   14    2    2  582
12   14    2    2  583
13   14    2    2  584
14   14    2    2  585
15   14    2    2  586
16   14    2    2  587
17   14    2    2  588
18   14    2    2  589
19   14    2    2  590
20   14    2    2  591
21   14    2    2  592
22   14    2    2  593
23   14    2    2  594
24   14    2    2  595
25   14    2    2  596
26   14    2    2  597
27   14    2    2  598
28   14    2    2  599
29   14    2    2  600
30   14    2    2  601
31   14    2    2  602
32   14    2    2  603
33   14    2    2  604
34   14    2    2  605
35   14    2    2  606
36   14    2    2  607
37   14    2    2  608
38   14    2    2  609
39   14    2    2  610
40   14    2    2  611
41   14    2    2  612
42   14    2    2  613
43   14    2    2  614
44   14    2    2  615
1   15    2    2  616
2   15    2    2  617
3   15    2    2  618
4   15    2    2  619
5   15    2    2  620
6   15    2    2  621
7   15    2    2  622
8   15    2    2  623
9   15    2    2  624
10   15    2    2  625
11   15    2    2  626
12   15    2    2  627
13   15    2    2  628
14   15    2    2  629
15   15    2    2  630
16   15    2    2  631
17   15    2    2  632
18   15    2    2  633
19   15    2    2  634
20   15    2    2  635
21   15    2    2  636
22   15    2    2  637
23   15    2    2  638
24   15    2    2  639
25   15    2    2  640
26   15    2    2  641
27   15    2    2  642
28   15    2    2  643
29   15    2    2  644
30   15    2    2  645
31   15    2    2  646
32   15    2    2  647
33   15    2    2  648
34   15    2    2  649
35   15    2    2  650
36   15    2    2  651
37   15    2    2  652
38   15    2    2  653
39   15    2    2  654
40   15    2    2  655
41   15    2    2  656
42   15    2    2  657
43   15    2    2  658
44   15    2    2  659
1   16    2    2  660
2   16    2    2  661
3   16    2    2  662
4   16    2    2  663
5   16    2    2  664
6   16    2    2  665
7   16    2    2  666
8   16    2    2  667
9   16    2    2  668
10   16    2    2  669
11   16    2    2  670
12   16    2    2  671
13   16    2    2  672
14   16    2    2  673
15   16    2    2  674
16   16    2    2  675
17   16    2    2  676
18   16    2    2  677
19   16    2    2  678
20   16    2    2  679
21   16    2    2  680
22   16    2    2  681
23   16    2    2  682
24   16    2    2  683
25   16    2    2  684
26   16    2    2  685
27   16    2    2  686
28   16    2    2  687
29   16    2    2  688
30   16    2    2  689
31   16    2    2  690
32   16    2    2  691
33   16    2    2  692
34   16    2    2  693
35   16    2    2  694
36   16    2    2  695
37   16    2    2  696
38   16    2    2  697
39   16    2    2  698
40   16    2    2  699
41   16    2    2  700
42   16    2    2  701
43   16    2    2  702
44   16    2    2  703
1   17    2    2  704
2   17    2    2  705
3   17    2    2  706
4   17    2    2  707
5   17    2    2  708
6   17    2    2  709
7   17    2    2  710
8   17    2    2  711
9   17    2    2  712
10   17    2    2  713
11   17    2    2  714
12   17    2    2  715
13   17    2    2  716
14   17    2    2  717
15   17    2    2  718
16   17    2    2  719
17   17    2    2  720
18   17    2    2  721
19   17    2    2  722
20   17    2    2  723
21   17    2    2  724
22   17    2    2  725
23   17    2    2  726
24   17    2    2  727
25   17    2    2  728
26   17    2    2  729
27   17    2    2  730
28   17    2    2  731
29   17    2    2  732
30   17    2    2  733
31   17    2    2  734
32   17    2    2  735
33   17    2    2  736
34   17    2    2  737
35   17    2    2  738
36   17    2    2  739
37   17    2    2  740
38   17    2    2  741
39   17    2    2  742
40   17    2    2  743
41   17    2    2  744
42   17    2    2  745
43   17    2    2  746
44   17    2    2  747
1   18    2    2  748
2   18    2    2  749
3   18    2    2  750
4   18    2    2  751
5   18    2    2  752
6   18    2    2  753
7   18    2    2  754
8   18    2    2  755
9   18    2    2  756
10   18    2    2  757
11   18    2    2  758
12   18    2    2  759
13   18    2    2  760
14   18    2    2  761
15   18    2    2  762
16   18    2    2  763
17   18    2    2  764
18   18    2    2  765
19   18    2    2  766
20   18    2    2  767
21   18    2    2  768
22   18    2    2  769
23   18    2    2  770
24   18    2    2  771
25   18    2    2  772
26   18    2    2  773
27   18    2    2  774
28   18    2    2  775
29   18    2    2  776
30   18    2    2  777
31   18    2    2  778
32   18    2    2  779
33   18    2    2  780
34   18    2    2  781
35   18    2    2  782
36   18    2    2  783
37   18    2    2  784
38   18    2    2  785
39   18    2    2  786
40   18    2    2  787
41   18    2    2  788
42   18    2    2  789
43   18    2    2  790
44   18    2    2  791
1   19    2    2  792
2   19    2    2  793
3   19    2    2  794
4   19    2    2  795
5   19    2    2  796
6   19    2    2  797
7   19    2    2  798
8   19    2    2  799
9   19    2    2  800
10   19    2    2  801
11   19    2    2  802
12   19    2    2  803
13   19    2    2  804
14   19    2    2  805
15   19    2    2  806
16   19    2    2  807
17   19    2    2  808
18   19    2    2  809
19   19    2    2  810
20   19    2    2  811
21   19    2    2  812
22   19    2    2  813
23   19    2    2  814
24   19    2    2  815
25   19    2    2  816
26   19    2    2  817
27   19    2    2  818
28   19    2    2  819
29   19    2    2  820
30   19    2    2  821
31   19    2    2  822
32   19    2    2  823
33   19    2    2  824
34   19    2    2  825
35   19    2    2  826
36   19    2    2  827
37   19    2    2  828
38   19    2    2  829
39   19    2    2  830
40   19    2    2  831
41   19    2    2  832
42   19    2    2  833
43   19    2    2  834
44   19    2    2  835
1   20    2    2  836
2   20    2    2  837
3   20    2    2  838
4   20    2    2  839
5   20    2    2  840
6   20    2    2  841
7   20    2    2  842
8   20    2    2  843
9   20    2    2  844
10   20    2    2  845
11   20    2    2  846
12   20    2    2  847
13   20    2    2  848
14   20    2    2  849
15   20    2    2  850
16   20    2    2  851
17   20    2    2  852
18   20    2    2  853
19   20    2    2  854
20   20    2    2  855
21   20    2    2  856
22   20    2    2  857
23   20    2    2  858
24   20    2    2  859
25   20    2    2  860
26   20    2    2  861
27   20    2    2  862
28   20    2    2  863
29   20    2    2  864
30   20    2    2  865
31   20    2    2  866
32   20    2    2  867
33   20    2    2  868
34   20    2    2  869
35   20    2    2  870
36   20    2    2  871
37   20    2    2  872
38   20    2    2  873
39   20    2    2  874
40   20    2    2  875
41   20    2    2  876
42   20    2    2  877
43   20    2    2  878
44   20    2    2  879
1   21    2    2  880
2   21    2    2  881
3   21    2    2  882
4   21    2    2  883
5   21    2    2  884
6   21    2    2  885
7   21    2    2  886
8   21    2    2  887
9   21    2    2  888
10   21    2    2  889
11   21    2    2  890
12   21    2    2  891
13   21    2    2  892
14   21    2    2  893
15   21    2    2  894
16   21    2    2  895
17   21    2    2  896
18   21    2    2  897
19   21    2    2  898
20   21    2    2  899
21   21    2    2  900
22   21    2    2  901
23   21    2    2  902
24   21    2    2  903
25   21    2    2  904
26   21    2    2  905
27   21    2    2  906
28   21    2    2  907
29   21    2    2  908
30   21    2    2  909
31   21    2    2  910
32   21    2    2  911
33   21    2    2  912
34   21    2    2  913
35   21    2    2  914
36   21    2    2  915
37   21    2    2  916
38   21    2    2  917
39   21    2    2  918
40   21    2    2  919
41   21    2    2  920
42   21    2    2  921
43   21    2    2  922
44   21    2    2  923
1   22    2    2  924
2   22    2    2  925
3   22    2    2  926
4   22    2    2  927
5   22    2    2  928
6   22    2    2  929
7   22    2    2  930
8   22    2    2  931
9   22    2    2  932
10   22    2    2  933
11   22    2    2  934
12   22    2    2  935
13   22    2    2  936
14   22    2    2  937
15   22    2    2  938
16   22    2    2  939
17   22    2    2  940
18   22    2    2  941
19   22    2    2  942
20   22    2    2  943
21   22    2    2  944
22   22    2    2  945
23   22    2    2  946
24   22    2    2  947
25   22    2    2  948
26   22    2    2  949
27   22    2    2  950
28   22    2    2  951
29   22    2    2  952
30   22    2    2  953
31   22    2    2  954
32   22    2    2  955
33   22    2    2  956
34   22    2    2  957
35   22    2    2  958
36   22    2    2  959
37   22    2    2  960
38   22    2    2  961
39   22    2    2  962
40   22    2    2  963
41   22    2    2  964
42   22    2    2  965
43   22    2    2  966
44   22    2    2  967
1   23    2    2  968
2   23    2    2  969
3   23    2    2  970
4   23    2    2  971
5   23    2    2  972
6   23    2    2  973
7   23    2    2  974
8   23    2    2  975
9   23    2    2  976
10   23    2    2  977
11   23    2    2  978
12   23    2    2  979
13   23    2    2  980
14   23    2    2  981
15   23    2    2  982
16   23    2    2  983
17   23    2    2  984
18   23    2    2  985
19   23    2    2  986
20   23    2    2  987
21   23    2    2  988
22   23    2    2  989
23   23    2    2  990
24   23    2    2  991
25   23    2    2  992
26   23    2    2  993
27   23    2    2  994
28   23    2    2  995
29   23    2    2  996
30   23    2    2  997
31   23    2    2  998
32   23    2    2  999
33    23     2     2  1000
34    23     2     2  1001
35    23     2     2  1002
36    23     2     2  1003
37    23     2     2  1004
38    23     2     2  1005
39    23     2     2  1006
40    23     2     2  1007
41    23     2     2  1008
42    23     2     2  1009
43    23     2     2  1010
44    23     2     2  1011
1    24     2     2  1012
2    24     2     2  1013
3    24     2     2  1014
4    24     2     2  1015
5    24     2     2  1016
6    24     2     2  1017
7    24     2     2  1018
8    24     2     2  1019
9    24     2     2  1020
10    24     2     2  1021
11    24     2     2  1022
12    24     2     2  1023
13    24     2     2  1024
14    24     2     2  1025
15    24     2     2  1026
16    24     2     2  1027
17    24     2     2  1028
18    24     2     2  1029
19    24     2     2  1030
20    24     2     2  1031
21    24     2     2  1032
22    24     2     2  1033
23    24     2     2  1034
24    24     2     2  1035
25    24     2     2  1036
26    24     2     2  1037
27    24     2     2  1038
28    24     2     2  1039
29    24     2     2  1040
30    24     2     2  1041
31    24     2     2  1042
32    24     2     2  1043
33    24     2     2  1044
34    24     2     2  1045
35    24     2     2  1046
36    24     2     2  1047
37    24     2     2  1048
38    24     2     2  1049
39    24     2     2  1050
40    24     2     2  1051
41    24     2     2  1052
42    24     2     2  1053
43    24     2     2  1054
44    24     2     2  1055
1    25     2     2  1056
2    25     2     2  1057
3    25     2     2  1058
4    25     2     2  1059
5    25     2     2  1060
6    25     2     2  1061
7    25     2     2  1062
8    25     2     2  1063
9    25     2     2  1064
10    25     2     2  1065
11    25     2     2  1066
12    25     2     2  1067
13    25     2     2  1068
14    25     2     2  1069
15    25     2     2  1070
16    25     2     2  1071
17    25     2     2  1072
18    25     2     2  1073
19    25     2     2  1074
20    25     2     2  1075
21    25     2     2  1076
22    25     2     2  1077
23    25     2     2  1078
24    25     2     2  1079
25    25     2     2  1080
26    25     2     2  1081
27    25     2     2  1082
28    25     2     2  1083
29    25     2     2  1084
30    25     2     2  1085
31    25     2     2  1086
32    25     2     2  1087
33    25     2     2  1088
34    25     2     2  1089
35    25     2     2  1090
36    25     2     2  1091
37    25     2     2  1092
38    25     2     2  1093
39    25     2     2  1094
40    25     2     2  1095
41    25     2     2  1096
42    25     2     2  1097
43    25     2     2  1098
44    25     2     2  1099
1    26     2     2  1100
2    26     2     2  1101
3    26     2     2  1102
4    26     2     2  1103
5    26     2     2  1104
6    26     2     2  1105
7    26     2     2  1106
8    26     2     2  1107
9    26     2     2  1108
10    26     2     2  1109
11    26     2     2  1110
12    26     2     2  1111
13    26     2     2  1112
14    26     2     2  1113
15    26     2     2  1114
16    26     2     2  1115
17    26     2     2  1116
18    26     2     2  1117
19    26     2     2  1118
20    26     2     2  1119
21    26     2     2  1120
22    26     2     2  1121
23    26     2     2  1122
24    26     2     2  1123
25    26     2     2  1124
26    26     2     2  1125
27    26     2     2  1126
28    26     2     2  1127
29    26     2     2  1128
30    26     2     2  1129
31    26     2     2  1130
32    26     2     2  1131
33    26     2     2  1132
34    26     2     2  1133
35    26     2     2  1134
36    26     2     2  1135
37    26     2     2  1136
38    26     2     2  1137
39    26     2     2  1138
40    26     2     2  1139
41    26     2     2  1140
42    26     2     2  1141
43    26     2     2  1142
44    26     2     2  1143
1    27     2     2  1144
2    27     2     2  1145
3    27     2     2  1146
4    27     2     2  1147
5    27     2     2  1148
6    27     2     2  1149
7    27     2     2  1150
8    27     2     2  1151
9    27     2     2  1152
10    27     2     2  1153
11    27     2     2  1154
12    27     2     2  1155
13    27     2     2  1156
14    27     2     2  1157
15    27     2     2  1158
16    27     2     2  1159
17    27     2     2  1160
18    27     2     2  1161
19    27     2     2  1162
20    27     2     2  1163
21    27     2     2  1164
22    27     2     2  1165
23    27     2     2  1166
24    27     2     2  1167
25    27     2     2  1168
26    27     2     2  1169
27    27     2     2  1170
28    27     2     2  1171
29    27     2     2  1172
30    27     2     2  1173
31    27     2     2  1174
32    27     2     2  1175
33    27     2     2  1176
34    27     2     2  1177
35    27     2     2  1178
36    27     2     2  1179
37    27     2     2  1180
38    27     2     2  1181
39    27     2     2  1182
40    27     2     2  1183
41    27     2     2  1184
42    27     2     2  1185
43    27     2     2  1186
44    27     2     2  1187
1    28     2     2  1188
2    28     2     2  1189
3    28     2     2  1190
4    28     2     2  1191
5    28     2     2  1192
6    28     2     2  1193
7    28     2     2  1194
8    28     2     2  1195
9    28     2     2  1196
10    28     2     2  1197
11    28     2     2  1198
12    28     2     2  1199
13    28     2     2  1200
14    28     2     2  1201
15    28     2     2  1202
16    28     2     2  1203
17    28     2     2  1204
18    28     2     2  1205
19    28     2     2  1206
20    28     2     2  1207
21    28     2     2  1208
22    28     2     2  1209
23    28     2     2  1210
24    28     2     2  1211
25    28     2     2  1212
26    28     2     2  1213
27    28     2     2  1214
28    28     2     2  1215
29    28     2     2  1216
30    28     2     2  1217
31    28     2     2  1218
32    28     2     2  1219
33    28     2     2  1220
34    28     2     2  1221
35    28     2     2  1222
36    28     2     2  1223
37    28     2     2  1224
38    28     2     2  1225
39    28     2     2  1226
40    28     2     2  1227
41    28     2     2  1228
42    28     2     2  1229
43    28     2     2  1230
44    28     2     2  1231
1    29     2     2  1232
2    29     2     2  1233
3    29     2     2  1234
4    29     2     2  1235
5    29     2     2  1236
6    29     2     2  1237
7    29     2     2  1238
8    29     2     2  1239
9    29     2     2  1240
10    29     2     2  1241
11    29     2     2  1242
12    29     2     2  1243
13    29     2     2  1244
14    29     2     2  1245
15    29     2     2  1246
16    29     2     2  1247
17    29     2     2  1248
18    29     2     2  1249
19    29     2     2  1250
20    29     2     2  1251
21    29     2     2  1252
22    29     2     2  1253
23    29     2     2  1254
24    29     2     2  1255
25    29     2     2  1256
26    29     2     2  1257
27    29     2     2  1258
28    29     2     2  1259
29    29     2     2  1260
30    29     2     2  1261
31    29     2     2  1262
32    29     2     2  1263
33    29     2     2  1264
34    29     2     2  1265
35    29     2     2  1266
36    29     2     2  1267
37    29     2     2  1268
38    29     2     2  1269
39    29     2     2  1270
40    29     2     2  1271
41    29     2     2  1272
42    29     2     2  1273
43    29     2     2  1274
44    29     2     2  1275
1    30     2     2  1276
2    30     2     2  1277
3    30     2     2  1278
4    30     2     2  1279
5    30     2     2  1280
6    30     2     2  1281
7    30     2     2  1282
8    30     2     2  1283
9    30     2     2  1284
10    30     2     2  1285
11    30     2     2  1286
12    30     2     2  1287
13    30     2     2  1288
14    30     2     2  1289
15    30     2     2  1290
16    30     2     2  1291
17    30     2     2  1292
18    30     2     2  1293
19    30     2     2  1294
20    30     2     2  1295
21    30     2     2  1296
22    30     2     2  1297
23    30     2     2  1298
24    30     2     2  1299
25    30     2     2  1300
26    30     2     2  1301
27    30     2     2  1302
28    30     2     2  1303
29    30     2     2  1304
30    30     2     2  1305
31    30     2     2  1306
32    30     2     2  1307
33    30     2     2  1308
34    30     2     2  1309
35    30     2     2  1310
36    30     2     2  1311
37    30     2     2  1312
38    30     2     2  1313
39    30     2     2  1314
40    30     2     2  1315
41    30     2     2  1316
42    30     2     2  1317
43    30     2     2  1318
44    30     2     2  1319
