330
2080
2080
1	1	2	2	0
2	1	2	2	1
3	1	2	2	2
4	1	2	2	3
5	1	2	2	4
6	1	2	2	5
7	1	2	2	6
8	1	2	2	7
9	1	2	2	8
10	1	2	2	9
11	1	2	2	10
12	1	2	2	11
13	1	2	2	12
14	1	2	2	13
15	1	2	2	14
16	1	2	2	15
17	1	2	2	16
18	1	2	2	17
19	1	2	2	18
20	1	2	2	19
21	1	2	2	20
22	1	2	2	21
1	2	2	2	22
2	2	2	2	23
3	2	2	2	24
4	2	2	2	25
5	2	2	2	26
6	2	2	2	27
7	2	2	2	28
8	2	2	2	29
9	2	2	2	30
10	2	2	2	31
11	2	2	2	32
12	2	2	2	33
13	2	2	2	34
14	2	2	2	35
15	2	2	2	36
16	2	2	2	37
17	2	2	2	38
18	2	2	2	39
19	2	2	2	40
20	2	2	2	41
21	2	2	2	42
22	2	2	2	43
1	3	2	2	44
2	3	2	2	45
3	3	2	2	46
4	3	2	2	47
5	3	2	2	48
6	3	2	2	49
7	3	2	2	50
8	3	2	2	51
9	3	2	2	52
10	3	2	2	53
11	3	2	2	54
12	3	2	2	55
13	3	2	2	56
14	3	2	2	57
15	3	2	2	58
16	3	2	2	59
17	3	2	2	60
18	3	2	2	61
19	3	2	2	62
20	3	2	2	63
21	3	2	2	64
22	3	2	2	65
1	4	2	2	66
2	4	2	2	67
3	4	2	2	68
4	4	2	2	69
5	4	2	2	70
6	4	2	2	71
7	4	2	2	72
8	4	2	2	73
9	4	2	2	74
10	4	2	2	75
11	4	2	2	76
12	4	2	2	77
13	4	2	2	78
14	4	2	2	79
15	4	2	2	80
16	4	2	2	81
17	4	2	2	82
18	4	2	2	83
19	4	2	2	84
20	4	2	2	85
21	4	2	2	86
22	4	2	2	87
1	5	2	2	88
2	5	2	2	89
3	5	2	2	90
4	5	2	2	91
5	5	2	2	92
6	5	2	2	93
7	5	2	2	94
8	5	2	2	95
9	5	2	2	96
10	5	2	2	97
11	5	2	2	98
12	5	2	2	99
13	5	2	2	100
14	5	2	2	101
15	5	2	2	102
16	5	2	2	103
17	5	2	2	104
18	5	2	2	105
19	5	2	2	106
20	5	2	2	107
21	5	2	2	108
22	5	2	2	109
1	6	2	2	110
2	6	2	2	111
3	6	2	2	112
4	6	2	2	113
5	6	2	2	114
6	6	2	2	115
7	6	2	2	116
8	6	2	2	117
9	6	2	2	118
10	6	2	2	119
11	6	2	2	120
12	6	2	2	121
13	6	2	2	122
14	6	2	2	123
15	6	2	2	124
16	6	2	2	125
17	6	2	2	126
18	6	2	2	127
19	6	2	2	128
20	6	2	2	129
21	6	2	2	130
22	6	2	2	131
1	7	2	2	132
2	7	2	2	133
3	7	2	2	134
4	7	2	2	135
5	7	2	2	136
6	7	2	2	137
7	7	2	2	138
8	7	2	2	139
9	7	2	2	140
10	7	2	2	141
11	7	2	2	142
12	7	2	2	143
13	7	2	2	144
14	7	2	2	145
15	7	2	2	146
16	7	2	2	147
17	7	2	2	148
18	7	2	2	149
19	7	2	2	150
20	7	2	2	151
21	7	2	2	152
22	7	2	2	153
1	8	2	2	154
2	8	2	2	155
3	8	2	2	156
4	8	2	2	157
5	8	2	2	158
6	8	2	2	159
7	8	2	2	160
8	8	2	2	161
9	8	2	2	162
10	8	2	2	163
11	8	2	2	164
12	8	2	2	165
13	8	2	2	166
14	8	2	2	167
15	8	2	2	168
16	8	2	2	169
17	8	2	2	170
18	8	2	2	171
19	8	2	2	172
20	8	2	2	173
21	8	2	2	174
22	8	2	2	175
1	9	2	2	176
2	9	2	2	177
3	9	2	2	178
4	9	2	2	179
5	9	2	2	180
6	9	2	2	181
7	9	2	2	182
8	9	2	2	183
9	9	2	2	184
10	9	2	2	185
11	9	2	2	186
12	9	2	2	187
13	9	2	2	188
14	9	2	2	189
15	9	2	2	190
16	9	2	2	191
17	9	2	2	192
18	9	2	2	193
19	9	2	2	194
20	9	2	2	195
21	9	2	2	196
22	9	2	2	197
1	10	2	2	198
2	10	2	2	199
3	10	2	2	200
4	10	2	2	201
5	10	2	2	202
6	10	2	2	203
7	10	2	2	204
8	10	2	2	205
9	10	2	2	206
10	10	2	2	207
11	10	2	2	208
12	10	2	2	209
13	10	2	2	210
14	10	2	2	211
15	10	2	2	212
16	10	2	2	213
17	10	2	2	214
18	10	2	2	215
19	10	2	2	216
20	10	2	2	217
21	10	2	2	218
22	10	2	2	219
1	11	2	2	220
2	11	2	2	221
3	11	2	2	222
4	11	2	2	223
5	11	2	2	224
6	11	2	2	225
7	11	2	2	226
8	11	2	2	227
9	11	2	2	228
10	11	2	2	229
11	11	2	2	230
12	11	2	2	231
13	11	2	2	232
14	11	2	2	233
15	11	2	2	234
16	11	2	2	235
17	11	2	2	236
18	11	2	2	237
19	11	2	2	238
20	11	2	2	239
21	11	2	2	240
22	11	2	2	241
1	12	2	2	242
2	12	2	2	243
3	12	2	2	244
4	12	2	2	245
5	12	2	2	246
6	12	2	2	247
7	12	2	2	248
8	12	2	2	249
9	12	2	2	250
10	12	2	2	251
11	12	2	2	252
12	12	2	2	253
13	12	2	2	254
14	12	2	2	255
15	12	2	2	256
16	12	2	2	257
17	12	2	2	258
18	12	2	2	259
19	12	2	2	260
20	12	2	2	261
21	12	2	2	262
22	12	2	2	263
1	13	2	2	264
2	13	2	2	265
3	13	2	2	266
4	13	2	2	267
5	13	2	2	268
6	13	2	2	269
7	13	2	2	270
8	13	2	2	271
9	13	2	2	272
10	13	2	2	273
11	13	2	2	274
12	13	2	2	275
13	13	2	2	276
14	13	2	2	277
15	13	2	2	278
16	13	2	2	279
17	13	2	2	280
18	13	2	2	281
19	13	2	2	282
20	13	2	2	283
21	13	2	2	284
22	13	2	2	285
1	14	2	2	286
2	14	2	2	287
3	14	2	2	288
4	14	2	2	289
5	14	2	2	290
6	14	2	2	291
7	14	2	2	292
8	14	2	2	293
9	14	2	2	294
10	14	2	2	295
11	14	2	2	296
12	14	2	2	297
13	14	2	2	298
14	14	2	2	299
15	14	2	2	300
16	14	2	2	301
17	14	2	2	302
18	14	2	2	303
19	14	2	2	304
20	14	2	2	305
21	14	2	2	306
22	14	2	2	307
1	15	2	2	308
2	15	2	2	309
3	15	2	2	310
4	15	2	2	311
5	15	2	2	312
6	15	2	2	313
7	15	2	2	314
8	15	2	2	315
9	15	2	2	316
10	15	2	2	317
11	15	2	2	318
12	15	2	2	319
13	15	2	2	320
14	15	2	2	321
15	15	2	2	322
16	15	2	2	323
17	15	2	2	324
18	15	2	2	325
19	15	2	2	326
20	15	2	2	327
21	15	2	2	328
22	15	2	2	329
