5280
2080
2080
1	1	2	2	0
2	1	2	2	1
3	1	2	2	2
4	1	2	2	3
5	1	2	2	4
6	1	2	2	5
7	1	2	2	6
8	1	2	2	7
9	1	2	2	8
10	1	2	2	9
11	1	2	2	10
12	1	2	2	11
13	1	2	2	12
14	1	2	2	13
15	1	2	2	14
16	1	2	2	15
17	1	2	2	16
18	1	2	2	17
19	1	2	2	18
20	1	2	2	19
21	1	2	2	20
22	1	2	2	21
23	1	2	2	22
24	1	2	2	23
25	1	2	2	24
26	1	2	2	25
27	1	2	2	26
28	1	2	2	27
29	1	2	2	28
30	1	2	2	29
31	1	2	2	30
32	1	2	2	31
33	1	2	2	32
34	1	2	2	33
35	1	2	2	34
36	1	2	2	35
37	1	2	2	36
38	1	2	2	37
39	1	2	2	38
40	1	2	2	39
41	1	2	2	40
42	1	2	2	41
43	1	2	2	42
44	1	2	2	43
45	1	2	2	44
46	1	2	2	45
47	1	2	2	46
48	1	2	2	47
49	1	2	2	48
50	1	2	2	49
51	1	2	2	50
52	1	2	2	51
53	1	2	2	52
54	1	2	2	53
55	1	2	2	54
56	1	2	2	55
57	1	2	2	56
58	1	2	2	57
59	1	2	2	58
60	1	2	2	59
61	1	2	2	60
62	1	2	2	61
63	1	2	2	62
64	1	2	2	63
65	1	2	2	64
66	1	2	2	65
67	1	2	2	66
68	1	2	2	67
69	1	2	2	68
70	1	2	2	69
71	1	2	2	70
72	1	2	2	71
73	1	2	2	72
74	1	2	2	73
75	1	2	2	74
76	1	2	2	75
77	1	2	2	76
78	1	2	2	77
79	1	2	2	78
80	1	2	2	79
81	1	2	2	80
82	1	2	2	81
83	1	2	2	82
84	1	2	2	83
85	1	2	2	84
86	1	2	2	85
87	1	2	2	86
88	1	2	2	87
1	2	2	2	88
2	2	2	2	89
3	2	2	2	90
4	2	2	2	91
5	2	2	2	92
6	2	2	2	93
7	2	2	2	94
8	2	2	2	95
9	2	2	2	96
10	2	2	2	97
11	2	2	2	98
12	2	2	2	99
13	2	2	2	100
14	2	2	2	101
15	2	2	2	102
16	2	2	2	103
17	2	2	2	104
18	2	2	2	105
19	2	2	2	106
20	2	2	2	107
21	2	2	2	108
22	2	2	2	109
23	2	2	2	110
24	2	2	2	111
25	2	2	2	112
26	2	2	2	113
27	2	2	2	114
28	2	2	2	115
29	2	2	2	116
30	2	2	2	117
31	2	2	2	118
32	2	2	2	119
33	2	2	2	120
34	2	2	2	121
35	2	2	2	122
36	2	2	2	123
37	2	2	2	124
38	2	2	2	125
39	2	2	2	126
40	2	2	2	127
41	2	2	2	128
42	2	2	2	129
43	2	2	2	130
44	2	2	2	131
45	2	2	2	132
46	2	2	2	133
47	2	2	2	134
48	2	2	2	135
49	2	2	2	136
50	2	2	2	137
51	2	2	2	138
52	2	2	2	139
53	2	2	2	140
54	2	2	2	141
55	2	2	2	142
56	2	2	2	143
57	2	2	2	144
58	2	2	2	145
59	2	2	2	146
60	2	2	2	147
61	2	2	2	148
62	2	2	2	149
63	2	2	2	150
64	2	2	2	151
65	2	2	2	152
66	2	2	2	153
67	2	2	2	154
68	2	2	2	155
69	2	2	2	156
70	2	2	2	157
71	2	2	2	158
72	2	2	2	159
73	2	2	2	160
74	2	2	2	161
75	2	2	2	162
76	2	2	2	163
77	2	2	2	164
78	2	2	2	165
79	2	2	2	166
80	2	2	2	167
81	2	2	2	168
82	2	2	2	169
83	2	2	2	170
84	2	2	2	171
85	2	2	2	172
86	2	2	2	173
87	2	2	2	174
88	2	2	2	175
1	3	2	2	176
2	3	2	2	177
3	3	2	2	178
4	3	2	2	179
5	3	2	2	180
6	3	2	2	181
7	3	2	2	182
8	3	2	2	183
9	3	2	2	184
10	3	2	2	185
11	3	2	2	186
12	3	2	2	187
13	3	2	2	188
14	3	2	2	189
15	3	2	2	190
16	3	2	2	191
17	3	2	2	192
18	3	2	2	193
19	3	2	2	194
20	3	2	2	195
21	3	2	2	196
22	3	2	2	197
23	3	2	2	198
24	3	2	2	199
25	3	2	2	200
26	3	2	2	201
27	3	2	2	202
28	3	2	2	203
29	3	2	2	204
30	3	2	2	205
31	3	2	2	206
32	3	2	2	207
33	3	2	2	208
34	3	2	2	209
35	3	2	2	210
36	3	2	2	211
37	3	2	2	212
38	3	2	2	213
39	3	2	2	214
40	3	2	2	215
41	3	2	2	216
42	3	2	2	217
43	3	2	2	218
44	3	2	2	219
45	3	2	2	220
46	3	2	2	221
47	3	2	2	222
48	3	2	2	223
49	3	2	2	224
50	3	2	2	225
51	3	2	2	226
52	3	2	2	227
53	3	2	2	228
54	3	2	2	229
55	3	2	2	230
56	3	2	2	231
57	3	2	2	232
58	3	2	2	233
59	3	2	2	234
60	3	2	2	235
61	3	2	2	236
62	3	2	2	237
63	3	2	2	238
64	3	2	2	239
65	3	2	2	240
66	3	2	2	241
67	3	2	2	242
68	3	2	2	243
69	3	2	2	244
70	3	2	2	245
71	3	2	2	246
72	3	2	2	247
73	3	2	2	248
74	3	2	2	249
75	3	2	2	250
76	3	2	2	251
77	3	2	2	252
78	3	2	2	253
79	3	2	2	254
80	3	2	2	255
81	3	2	2	256
82	3	2	2	257
83	3	2	2	258
84	3	2	2	259
85	3	2	2	260
86	3	2	2	261
87	3	2	2	262
88	3	2	2	263
1	4	2	2	264
2	4	2	2	265
3	4	2	2	266
4	4	2	2	267
5	4	2	2	268
6	4	2	2	269
7	4	2	2	270
8	4	2	2	271
9	4	2	2	272
10	4	2	2	273
11	4	2	2	274
12	4	2	2	275
13	4	2	2	276
14	4	2	2	277
15	4	2	2	278
16	4	2	2	279
17	4	2	2	280
18	4	2	2	281
19	4	2	2	282
20	4	2	2	283
21	4	2	2	284
22	4	2	2	285
23	4	2	2	286
24	4	2	2	287
25	4	2	2	288
26	4	2	2	289
27	4	2	2	290
28	4	2	2	291
29	4	2	2	292
30	4	2	2	293
31	4	2	2	294
32	4	2	2	295
33	4	2	2	296
34	4	2	2	297
35	4	2	2	298
36	4	2	2	299
37	4	2	2	300
38	4	2	2	301
39	4	2	2	302
40	4	2	2	303
41	4	2	2	304
42	4	2	2	305
43	4	2	2	306
44	4	2	2	307
45	4	2	2	308
46	4	2	2	309
47	4	2	2	310
48	4	2	2	311
49	4	2	2	312
50	4	2	2	313
51	4	2	2	314
52	4	2	2	315
53	4	2	2	316
54	4	2	2	317
55	4	2	2	318
56	4	2	2	319
57	4	2	2	320
58	4	2	2	321
59	4	2	2	322
60	4	2	2	323
61	4	2	2	324
62	4	2	2	325
63	4	2	2	326
64	4	2	2	327
65	4	2	2	328
66	4	2	2	329
67	4	2	2	330
68	4	2	2	331
69	4	2	2	332
70	4	2	2	333
71	4	2	2	334
72	4	2	2	335
73	4	2	2	336
74	4	2	2	337
75	4	2	2	338
76	4	2	2	339
77	4	2	2	340
78	4	2	2	341
79	4	2	2	342
80	4	2	2	343
81	4	2	2	344
82	4	2	2	345
83	4	2	2	346
84	4	2	2	347
85	4	2	2	348
86	4	2	2	349
87	4	2	2	350
88	4	2	2	351
1	5	2	2	352
2	5	2	2	353
3	5	2	2	354
4	5	2	2	355
5	5	2	2	356
6	5	2	2	357
7	5	2	2	358
8	5	2	2	359
9	5	2	2	360
10	5	2	2	361
11	5	2	2	362
12	5	2	2	363
13	5	2	2	364
14	5	2	2	365
15	5	2	2	366
16	5	2	2	367
17	5	2	2	368
18	5	2	2	369
19	5	2	2	370
20	5	2	2	371
21	5	2	2	372
22	5	2	2	373
23	5	2	2	374
24	5	2	2	375
25	5	2	2	376
26	5	2	2	377
27	5	2	2	378
28	5	2	2	379
29	5	2	2	380
30	5	2	2	381
31	5	2	2	382
32	5	2	2	383
33	5	2	2	384
34	5	2	2	385
35	5	2	2	386
36	5	2	2	387
37	5	2	2	388
38	5	2	2	389
39	5	2	2	390
40	5	2	2	391
41	5	2	2	392
42	5	2	2	393
43	5	2	2	394
44	5	2	2	395
45	5	2	2	396
46	5	2	2	397
47	5	2	2	398
48	5	2	2	399
49	5	2	2	400
50	5	2	2	401
51	5	2	2	402
52	5	2	2	403
53	5	2	2	404
54	5	2	2	405
55	5	2	2	406
56	5	2	2	407
57	5	2	2	408
58	5	2	2	409
59	5	2	2	410
60	5	2	2	411
61	5	2	2	412
62	5	2	2	413
63	5	2	2	414
64	5	2	2	415
65	5	2	2	416
66	5	2	2	417
67	5	2	2	418
68	5	2	2	419
69	5	2	2	420
70	5	2	2	421
71	5	2	2	422
72	5	2	2	423
73	5	2	2	424
74	5	2	2	425
75	5	2	2	426
76	5	2	2	427
77	5	2	2	428
78	5	2	2	429
79	5	2	2	430
80	5	2	2	431
81	5	2	2	432
82	5	2	2	433
83	5	2	2	434
84	5	2	2	435
85	5	2	2	436
86	5	2	2	437
87	5	2	2	438
88	5	2	2	439
1	6	2	2	440
2	6	2	2	441
3	6	2	2	442
4	6	2	2	443
5	6	2	2	444
6	6	2	2	445
7	6	2	2	446
8	6	2	2	447
9	6	2	2	448
10	6	2	2	449
11	6	2	2	450
12	6	2	2	451
13	6	2	2	452
14	6	2	2	453
15	6	2	2	454
16	6	2	2	455
17	6	2	2	456
18	6	2	2	457
19	6	2	2	458
20	6	2	2	459
21	6	2	2	460
22	6	2	2	461
23	6	2	2	462
24	6	2	2	463
25	6	2	2	464
26	6	2	2	465
27	6	2	2	466
28	6	2	2	467
29	6	2	2	468
30	6	2	2	469
31	6	2	2	470
32	6	2	2	471
33	6	2	2	472
34	6	2	2	473
35	6	2	2	474
36	6	2	2	475
37	6	2	2	476
38	6	2	2	477
39	6	2	2	478
40	6	2	2	479
41	6	2	2	480
42	6	2	2	481
43	6	2	2	482
44	6	2	2	483
45	6	2	2	484
46	6	2	2	485
47	6	2	2	486
48	6	2	2	487
49	6	2	2	488
50	6	2	2	489
51	6	2	2	490
52	6	2	2	491
53	6	2	2	492
54	6	2	2	493
55	6	2	2	494
56	6	2	2	495
57	6	2	2	496
58	6	2	2	497
59	6	2	2	498
60	6	2	2	499
61	6	2	2	500
62	6	2	2	501
63	6	2	2	502
64	6	2	2	503
65	6	2	2	504
66	6	2	2	505
67	6	2	2	506
68	6	2	2	507
69	6	2	2	508
70	6	2	2	509
71	6	2	2	510
72	6	2	2	511
73	6	2	2	512
74	6	2	2	513
75	6	2	2	514
76	6	2	2	515
77	6	2	2	516
78	6	2	2	517
79	6	2	2	518
80	6	2	2	519
81	6	2	2	520
82	6	2	2	521
83	6	2	2	522
84	6	2	2	523
85	6	2	2	524
86	6	2	2	525
87	6	2	2	526
88	6	2	2	527
1	7	2	2	528
2	7	2	2	529
3	7	2	2	530
4	7	2	2	531
5	7	2	2	532
6	7	2	2	533
7	7	2	2	534
8	7	2	2	535
9	7	2	2	536
10	7	2	2	537
11	7	2	2	538
12	7	2	2	539
13	7	2	2	540
14	7	2	2	541
15	7	2	2	542
16	7	2	2	543
17	7	2	2	544
18	7	2	2	545
19	7	2	2	546
20	7	2	2	547
21	7	2	2	548
22	7	2	2	549
23	7	2	2	550
24	7	2	2	551
25	7	2	2	552
26	7	2	2	553
27	7	2	2	554
28	7	2	2	555
29	7	2	2	556
30	7	2	2	557
31	7	2	2	558
32	7	2	2	559
33	7	2	2	560
34	7	2	2	561
35	7	2	2	562
36	7	2	2	563
37	7	2	2	564
38	7	2	2	565
39	7	2	2	566
40	7	2	2	567
41	7	2	2	568
42	7	2	2	569
43	7	2	2	570
44	7	2	2	571
45	7	2	2	572
46	7	2	2	573
47	7	2	2	574
48	7	2	2	575
49	7	2	2	576
50	7	2	2	577
51	7	2	2	578
52	7	2	2	579
53	7	2	2	580
54	7	2	2	581
55	7	2	2	582
56	7	2	2	583
57	7	2	2	584
58	7	2	2	585
59	7	2	2	586
60	7	2	2	587
61	7	2	2	588
62	7	2	2	589
63	7	2	2	590
64	7	2	2	591
65	7	2	2	592
66	7	2	2	593
67	7	2	2	594
68	7	2	2	595
69	7	2	2	596
70	7	2	2	597
71	7	2	2	598
72	7	2	2	599
73	7	2	2	600
74	7	2	2	601
75	7	2	2	602
76	7	2	2	603
77	7	2	2	604
78	7	2	2	605
79	7	2	2	606
80	7	2	2	607
81	7	2	2	608
82	7	2	2	609
83	7	2	2	610
84	7	2	2	611
85	7	2	2	612
86	7	2	2	613
87	7	2	2	614
88	7	2	2	615
1	8	2	2	616
2	8	2	2	617
3	8	2	2	618
4	8	2	2	619
5	8	2	2	620
6	8	2	2	621
7	8	2	2	622
8	8	2	2	623
9	8	2	2	624
10	8	2	2	625
11	8	2	2	626
12	8	2	2	627
13	8	2	2	628
14	8	2	2	629
15	8	2	2	630
16	8	2	2	631
17	8	2	2	632
18	8	2	2	633
19	8	2	2	634
20	8	2	2	635
21	8	2	2	636
22	8	2	2	637
23	8	2	2	638
24	8	2	2	639
25	8	2	2	640
26	8	2	2	641
27	8	2	2	642
28	8	2	2	643
29	8	2	2	644
30	8	2	2	645
31	8	2	2	646
32	8	2	2	647
33	8	2	2	648
34	8	2	2	649
35	8	2	2	650
36	8	2	2	651
37	8	2	2	652
38	8	2	2	653
39	8	2	2	654
40	8	2	2	655
41	8	2	2	656
42	8	2	2	657
43	8	2	2	658
44	8	2	2	659
45	8	2	2	660
46	8	2	2	661
47	8	2	2	662
48	8	2	2	663
49	8	2	2	664
50	8	2	2	665
51	8	2	2	666
52	8	2	2	667
53	8	2	2	668
54	8	2	2	669
55	8	2	2	670
56	8	2	2	671
57	8	2	2	672
58	8	2	2	673
59	8	2	2	674
60	8	2	2	675
61	8	2	2	676
62	8	2	2	677
63	8	2	2	678
64	8	2	2	679
65	8	2	2	680
66	8	2	2	681
67	8	2	2	682
68	8	2	2	683
69	8	2	2	684
70	8	2	2	685
71	8	2	2	686
72	8	2	2	687
73	8	2	2	688
74	8	2	2	689
75	8	2	2	690
76	8	2	2	691
77	8	2	2	692
78	8	2	2	693
79	8	2	2	694
80	8	2	2	695
81	8	2	2	696
82	8	2	2	697
83	8	2	2	698
84	8	2	2	699
85	8	2	2	700
86	8	2	2	701
87	8	2	2	702
88	8	2	2	703
1	9	2	2	704
2	9	2	2	705
3	9	2	2	706
4	9	2	2	707
5	9	2	2	708
6	9	2	2	709
7	9	2	2	710
8	9	2	2	711
9	9	2	2	712
10	9	2	2	713
11	9	2	2	714
12	9	2	2	715
13	9	2	2	716
14	9	2	2	717
15	9	2	2	718
16	9	2	2	719
17	9	2	2	720
18	9	2	2	721
19	9	2	2	722
20	9	2	2	723
21	9	2	2	724
22	9	2	2	725
23	9	2	2	726
24	9	2	2	727
25	9	2	2	728
26	9	2	2	729
27	9	2	2	730
28	9	2	2	731
29	9	2	2	732
30	9	2	2	733
31	9	2	2	734
32	9	2	2	735
33	9	2	2	736
34	9	2	2	737
35	9	2	2	738
36	9	2	2	739
37	9	2	2	740
38	9	2	2	741
39	9	2	2	742
40	9	2	2	743
41	9	2	2	744
42	9	2	2	745
43	9	2	2	746
44	9	2	2	747
45	9	2	2	748
46	9	2	2	749
47	9	2	2	750
48	9	2	2	751
49	9	2	2	752
50	9	2	2	753
51	9	2	2	754
52	9	2	2	755
53	9	2	2	756
54	9	2	2	757
55	9	2	2	758
56	9	2	2	759
57	9	2	2	760
58	9	2	2	761
59	9	2	2	762
60	9	2	2	763
61	9	2	2	764
62	9	2	2	765
63	9	2	2	766
64	9	2	2	767
65	9	2	2	768
66	9	2	2	769
67	9	2	2	770
68	9	2	2	771
69	9	2	2	772
70	9	2	2	773
71	9	2	2	774
72	9	2	2	775
73	9	2	2	776
74	9	2	2	777
75	9	2	2	778
76	9	2	2	779
77	9	2	2	780
78	9	2	2	781
79	9	2	2	782
80	9	2	2	783
81	9	2	2	784
82	9	2	2	785
83	9	2	2	786
84	9	2	2	787
85	9	2	2	788
86	9	2	2	789
87	9	2	2	790
88	9	2	2	791
1	10	2	2	792
2	10	2	2	793
3	10	2	2	794
4	10	2	2	795
5	10	2	2	796
6	10	2	2	797
7	10	2	2	798
8	10	2	2	799
9	10	2	2	800
10	10	2	2	801
11	10	2	2	802
12	10	2	2	803
13	10	2	2	804
14	10	2	2	805
15	10	2	2	806
16	10	2	2	807
17	10	2	2	808
18	10	2	2	809
19	10	2	2	810
20	10	2	2	811
21	10	2	2	812
22	10	2	2	813
23	10	2	2	814
24	10	2	2	815
25	10	2	2	816
26	10	2	2	817
27	10	2	2	818
28	10	2	2	819
29	10	2	2	820
30	10	2	2	821
31	10	2	2	822
32	10	2	2	823
33	10	2	2	824
34	10	2	2	825
35	10	2	2	826
36	10	2	2	827
37	10	2	2	828
38	10	2	2	829
39	10	2	2	830
40	10	2	2	831
41	10	2	2	832
42	10	2	2	833
43	10	2	2	834
44	10	2	2	835
45	10	2	2	836
46	10	2	2	837
47	10	2	2	838
48	10	2	2	839
49	10	2	2	840
50	10	2	2	841
51	10	2	2	842
52	10	2	2	843
53	10	2	2	844
54	10	2	2	845
55	10	2	2	846
56	10	2	2	847
57	10	2	2	848
58	10	2	2	849
59	10	2	2	850
60	10	2	2	851
61	10	2	2	852
62	10	2	2	853
63	10	2	2	854
64	10	2	2	855
65	10	2	2	856
66	10	2	2	857
67	10	2	2	858
68	10	2	2	859
69	10	2	2	860
70	10	2	2	861
71	10	2	2	862
72	10	2	2	863
73	10	2	2	864
74	10	2	2	865
75	10	2	2	866
76	10	2	2	867
77	10	2	2	868
78	10	2	2	869
79	10	2	2	870
80	10	2	2	871
81	10	2	2	872
82	10	2	2	873
83	10	2	2	874
84	10	2	2	875
85	10	2	2	876
86	10	2	2	877
87	10	2	2	878
88	10	2	2	879
1	11	2	2	880
2	11	2	2	881
3	11	2	2	882
4	11	2	2	883
5	11	2	2	884
6	11	2	2	885
7	11	2	2	886
8	11	2	2	887
9	11	2	2	888
10	11	2	2	889
11	11	2	2	890
12	11	2	2	891
13	11	2	2	892
14	11	2	2	893
15	11	2	2	894
16	11	2	2	895
17	11	2	2	896
18	11	2	2	897
19	11	2	2	898
20	11	2	2	899
21	11	2	2	900
22	11	2	2	901
23	11	2	2	902
24	11	2	2	903
25	11	2	2	904
26	11	2	2	905
27	11	2	2	906
28	11	2	2	907
29	11	2	2	908
30	11	2	2	909
31	11	2	2	910
32	11	2	2	911
33	11	2	2	912
34	11	2	2	913
35	11	2	2	914
36	11	2	2	915
37	11	2	2	916
38	11	2	2	917
39	11	2	2	918
40	11	2	2	919
41	11	2	2	920
42	11	2	2	921
43	11	2	2	922
44	11	2	2	923
45	11	2	2	924
46	11	2	2	925
47	11	2	2	926
48	11	2	2	927
49	11	2	2	928
50	11	2	2	929
51	11	2	2	930
52	11	2	2	931
53	11	2	2	932
54	11	2	2	933
55	11	2	2	934
56	11	2	2	935
57	11	2	2	936
58	11	2	2	937
59	11	2	2	938
60	11	2	2	939
61	11	2	2	940
62	11	2	2	941
63	11	2	2	942
64	11	2	2	943
65	11	2	2	944
66	11	2	2	945
67	11	2	2	946
68	11	2	2	947
69	11	2	2	948
70	11	2	2	949
71	11	2	2	950
72	11	2	2	951
73	11	2	2	952
74	11	2	2	953
75	11	2	2	954
76	11	2	2	955
77	11	2	2	956
78	11	2	2	957
79	11	2	2	958
80	11	2	2	959
81	11	2	2	960
82	11	2	2	961
83	11	2	2	962
84	11	2	2	963
85	11	2	2	964
86	11	2	2	965
87	11	2	2	966
88	11	2	2	967
1	12	2	2	968
2	12	2	2	969
3	12	2	2	970
4	12	2	2	971
5	12	2	2	972
6	12	2	2	973
7	12	2	2	974
8	12	2	2	975
9	12	2	2	976
10	12	2	2	977
11	12	2	2	978
12	12	2	2	979
13	12	2	2	980
14	12	2	2	981
15	12	2	2	982
16	12	2	2	983
17	12	2	2	984
18	12	2	2	985
19	12	2	2	986
20	12	2	2	987
21	12	2	2	988
22	12	2	2	989
23	12	2	2	990
24	12	2	2	991
25	12	2	2	992
26	12	2	2	993
27	12	2	2	994
28	12	2	2	995
29	12	2	2	996
30	12	2	2	997
31	12	2	2	998
32	12	2	2	999
33	12	2	2	1000
34	12	2	2	1001
35	12	2	2	1002
36	12	2	2	1003
37	12	2	2	1004
38	12	2	2	1005
39	12	2	2	1006
40	12	2	2	1007
41	12	2	2	1008
42	12	2	2	1009
43	12	2	2	1010
44	12	2	2	1011
45	12	2	2	1012
46	12	2	2	1013
47	12	2	2	1014
48	12	2	2	1015
49	12	2	2	1016
50	12	2	2	1017
51	12	2	2	1018
52	12	2	2	1019
53	12	2	2	1020
54	12	2	2	1021
55	12	2	2	1022
56	12	2	2	1023
57	12	2	2	1024
58	12	2	2	1025
59	12	2	2	1026
60	12	2	2	1027
61	12	2	2	1028
62	12	2	2	1029
63	12	2	2	1030
64	12	2	2	1031
65	12	2	2	1032
66	12	2	2	1033
67	12	2	2	1034
68	12	2	2	1035
69	12	2	2	1036
70	12	2	2	1037
71	12	2	2	1038
72	12	2	2	1039
73	12	2	2	1040
74	12	2	2	1041
75	12	2	2	1042
76	12	2	2	1043
77	12	2	2	1044
78	12	2	2	1045
79	12	2	2	1046
80	12	2	2	1047
81	12	2	2	1048
82	12	2	2	1049
83	12	2	2	1050
84	12	2	2	1051
85	12	2	2	1052
86	12	2	2	1053
87	12	2	2	1054
88	12	2	2	1055
1	13	2	2	1056
2	13	2	2	1057
3	13	2	2	1058
4	13	2	2	1059
5	13	2	2	1060
6	13	2	2	1061
7	13	2	2	1062
8	13	2	2	1063
9	13	2	2	1064
10	13	2	2	1065
11	13	2	2	1066
12	13	2	2	1067
13	13	2	2	1068
14	13	2	2	1069
15	13	2	2	1070
16	13	2	2	1071
17	13	2	2	1072
18	13	2	2	1073
19	13	2	2	1074
20	13	2	2	1075
21	13	2	2	1076
22	13	2	2	1077
23	13	2	2	1078
24	13	2	2	1079
25	13	2	2	1080
26	13	2	2	1081
27	13	2	2	1082
28	13	2	2	1083
29	13	2	2	1084
30	13	2	2	1085
31	13	2	2	1086
32	13	2	2	1087
33	13	2	2	1088
34	13	2	2	1089
35	13	2	2	1090
36	13	2	2	1091
37	13	2	2	1092
38	13	2	2	1093
39	13	2	2	1094
40	13	2	2	1095
41	13	2	2	1096
42	13	2	2	1097
43	13	2	2	1098
44	13	2	2	1099
45	13	2	2	1100
46	13	2	2	1101
47	13	2	2	1102
48	13	2	2	1103
49	13	2	2	1104
50	13	2	2	1105
51	13	2	2	1106
52	13	2	2	1107
53	13	2	2	1108
54	13	2	2	1109
55	13	2	2	1110
56	13	2	2	1111
57	13	2	2	1112
58	13	2	2	1113
59	13	2	2	1114
60	13	2	2	1115
61	13	2	2	1116
62	13	2	2	1117
63	13	2	2	1118
64	13	2	2	1119
65	13	2	2	1120
66	13	2	2	1121
67	13	2	2	1122
68	13	2	2	1123
69	13	2	2	1124
70	13	2	2	1125
71	13	2	2	1126
72	13	2	2	1127
73	13	2	2	1128
74	13	2	2	1129
75	13	2	2	1130
76	13	2	2	1131
77	13	2	2	1132
78	13	2	2	1133
79	13	2	2	1134
80	13	2	2	1135
81	13	2	2	1136
82	13	2	2	1137
83	13	2	2	1138
84	13	2	2	1139
85	13	2	2	1140
86	13	2	2	1141
87	13	2	2	1142
88	13	2	2	1143
1	14	2	2	1144
2	14	2	2	1145
3	14	2	2	1146
4	14	2	2	1147
5	14	2	2	1148
6	14	2	2	1149
7	14	2	2	1150
8	14	2	2	1151
9	14	2	2	1152
10	14	2	2	1153
11	14	2	2	1154
12	14	2	2	1155
13	14	2	2	1156
14	14	2	2	1157
15	14	2	2	1158
16	14	2	2	1159
17	14	2	2	1160
18	14	2	2	1161
19	14	2	2	1162
20	14	2	2	1163
21	14	2	2	1164
22	14	2	2	1165
23	14	2	2	1166
24	14	2	2	1167
25	14	2	2	1168
26	14	2	2	1169
27	14	2	2	1170
28	14	2	2	1171
29	14	2	2	1172
30	14	2	2	1173
31	14	2	2	1174
32	14	2	2	1175
33	14	2	2	1176
34	14	2	2	1177
35	14	2	2	1178
36	14	2	2	1179
37	14	2	2	1180
38	14	2	2	1181
39	14	2	2	1182
40	14	2	2	1183
41	14	2	2	1184
42	14	2	2	1185
43	14	2	2	1186
44	14	2	2	1187
45	14	2	2	1188
46	14	2	2	1189
47	14	2	2	1190
48	14	2	2	1191
49	14	2	2	1192
50	14	2	2	1193
51	14	2	2	1194
52	14	2	2	1195
53	14	2	2	1196
54	14	2	2	1197
55	14	2	2	1198
56	14	2	2	1199
57	14	2	2	1200
58	14	2	2	1201
59	14	2	2	1202
60	14	2	2	1203
61	14	2	2	1204
62	14	2	2	1205
63	14	2	2	1206
64	14	2	2	1207
65	14	2	2	1208
66	14	2	2	1209
67	14	2	2	1210
68	14	2	2	1211
69	14	2	2	1212
70	14	2	2	1213
71	14	2	2	1214
72	14	2	2	1215
73	14	2	2	1216
74	14	2	2	1217
75	14	2	2	1218
76	14	2	2	1219
77	14	2	2	1220
78	14	2	2	1221
79	14	2	2	1222
80	14	2	2	1223
81	14	2	2	1224
82	14	2	2	1225
83	14	2	2	1226
84	14	2	2	1227
85	14	2	2	1228
86	14	2	2	1229
87	14	2	2	1230
88	14	2	2	1231
1	15	2	2	1232
2	15	2	2	1233
3	15	2	2	1234
4	15	2	2	1235
5	15	2	2	1236
6	15	2	2	1237
7	15	2	2	1238
8	15	2	2	1239
9	15	2	2	1240
10	15	2	2	1241
11	15	2	2	1242
12	15	2	2	1243
13	15	2	2	1244
14	15	2	2	1245
15	15	2	2	1246
16	15	2	2	1247
17	15	2	2	1248
18	15	2	2	1249
19	15	2	2	1250
20	15	2	2	1251
21	15	2	2	1252
22	15	2	2	1253
23	15	2	2	1254
24	15	2	2	1255
25	15	2	2	1256
26	15	2	2	1257
27	15	2	2	1258
28	15	2	2	1259
29	15	2	2	1260
30	15	2	2	1261
31	15	2	2	1262
32	15	2	2	1263
33	15	2	2	1264
34	15	2	2	1265
35	15	2	2	1266
36	15	2	2	1267
37	15	2	2	1268
38	15	2	2	1269
39	15	2	2	1270
40	15	2	2	1271
41	15	2	2	1272
42	15	2	2	1273
43	15	2	2	1274
44	15	2	2	1275
45	15	2	2	1276
46	15	2	2	1277
47	15	2	2	1278
48	15	2	2	1279
49	15	2	2	1280
50	15	2	2	1281
51	15	2	2	1282
52	15	2	2	1283
53	15	2	2	1284
54	15	2	2	1285
55	15	2	2	1286
56	15	2	2	1287
57	15	2	2	1288
58	15	2	2	1289
59	15	2	2	1290
60	15	2	2	1291
61	15	2	2	1292
62	15	2	2	1293
63	15	2	2	1294
64	15	2	2	1295
65	15	2	2	1296
66	15	2	2	1297
67	15	2	2	1298
68	15	2	2	1299
69	15	2	2	1300
70	15	2	2	1301
71	15	2	2	1302
72	15	2	2	1303
73	15	2	2	1304
74	15	2	2	1305
75	15	2	2	1306
76	15	2	2	1307
77	15	2	2	1308
78	15	2	2	1309
79	15	2	2	1310
80	15	2	2	1311
81	15	2	2	1312
82	15	2	2	1313
83	15	2	2	1314
84	15	2	2	1315
85	15	2	2	1316
86	15	2	2	1317
87	15	2	2	1318
88	15	2	2	1319
1	16	2	2	1320
2	16	2	2	1321
3	16	2	2	1322
4	16	2	2	1323
5	16	2	2	1324
6	16	2	2	1325
7	16	2	2	1326
8	16	2	2	1327
9	16	2	2	1328
10	16	2	2	1329
11	16	2	2	1330
12	16	2	2	1331
13	16	2	2	1332
14	16	2	2	1333
15	16	2	2	1334
16	16	2	2	1335
17	16	2	2	1336
18	16	2	2	1337
19	16	2	2	1338
20	16	2	2	1339
21	16	2	2	1340
22	16	2	2	1341
23	16	2	2	1342
24	16	2	2	1343
25	16	2	2	1344
26	16	2	2	1345
27	16	2	2	1346
28	16	2	2	1347
29	16	2	2	1348
30	16	2	2	1349
31	16	2	2	1350
32	16	2	2	1351
33	16	2	2	1352
34	16	2	2	1353
35	16	2	2	1354
36	16	2	2	1355
37	16	2	2	1356
38	16	2	2	1357
39	16	2	2	1358
40	16	2	2	1359
41	16	2	2	1360
42	16	2	2	1361
43	16	2	2	1362
44	16	2	2	1363
45	16	2	2	1364
46	16	2	2	1365
47	16	2	2	1366
48	16	2	2	1367
49	16	2	2	1368
50	16	2	2	1369
51	16	2	2	1370
52	16	2	2	1371
53	16	2	2	1372
54	16	2	2	1373
55	16	2	2	1374
56	16	2	2	1375
57	16	2	2	1376
58	16	2	2	1377
59	16	2	2	1378
60	16	2	2	1379
61	16	2	2	1380
62	16	2	2	1381
63	16	2	2	1382
64	16	2	2	1383
65	16	2	2	1384
66	16	2	2	1385
67	16	2	2	1386
68	16	2	2	1387
69	16	2	2	1388
70	16	2	2	1389
71	16	2	2	1390
72	16	2	2	1391
73	16	2	2	1392
74	16	2	2	1393
75	16	2	2	1394
76	16	2	2	1395
77	16	2	2	1396
78	16	2	2	1397
79	16	2	2	1398
80	16	2	2	1399
81	16	2	2	1400
82	16	2	2	1401
83	16	2	2	1402
84	16	2	2	1403
85	16	2	2	1404
86	16	2	2	1405
87	16	2	2	1406
88	16	2	2	1407
1	17	2	2	1408
2	17	2	2	1409
3	17	2	2	1410
4	17	2	2	1411
5	17	2	2	1412
6	17	2	2	1413
7	17	2	2	1414
8	17	2	2	1415
9	17	2	2	1416
10	17	2	2	1417
11	17	2	2	1418
12	17	2	2	1419
13	17	2	2	1420
14	17	2	2	1421
15	17	2	2	1422
16	17	2	2	1423
17	17	2	2	1424
18	17	2	2	1425
19	17	2	2	1426
20	17	2	2	1427
21	17	2	2	1428
22	17	2	2	1429
23	17	2	2	1430
24	17	2	2	1431
25	17	2	2	1432
26	17	2	2	1433
27	17	2	2	1434
28	17	2	2	1435
29	17	2	2	1436
30	17	2	2	1437
31	17	2	2	1438
32	17	2	2	1439
33	17	2	2	1440
34	17	2	2	1441
35	17	2	2	1442
36	17	2	2	1443
37	17	2	2	1444
38	17	2	2	1445
39	17	2	2	1446
40	17	2	2	1447
41	17	2	2	1448
42	17	2	2	1449
43	17	2	2	1450
44	17	2	2	1451
45	17	2	2	1452
46	17	2	2	1453
47	17	2	2	1454
48	17	2	2	1455
49	17	2	2	1456
50	17	2	2	1457
51	17	2	2	1458
52	17	2	2	1459
53	17	2	2	1460
54	17	2	2	1461
55	17	2	2	1462
56	17	2	2	1463
57	17	2	2	1464
58	17	2	2	1465
59	17	2	2	1466
60	17	2	2	1467
61	17	2	2	1468
62	17	2	2	1469
63	17	2	2	1470
64	17	2	2	1471
65	17	2	2	1472
66	17	2	2	1473
67	17	2	2	1474
68	17	2	2	1475
69	17	2	2	1476
70	17	2	2	1477
71	17	2	2	1478
72	17	2	2	1479
73	17	2	2	1480
74	17	2	2	1481
75	17	2	2	1482
76	17	2	2	1483
77	17	2	2	1484
78	17	2	2	1485
79	17	2	2	1486
80	17	2	2	1487
81	17	2	2	1488
82	17	2	2	1489
83	17	2	2	1490
84	17	2	2	1491
85	17	2	2	1492
86	17	2	2	1493
87	17	2	2	1494
88	17	2	2	1495
1	18	2	2	1496
2	18	2	2	1497
3	18	2	2	1498
4	18	2	2	1499
5	18	2	2	1500
6	18	2	2	1501
7	18	2	2	1502
8	18	2	2	1503
9	18	2	2	1504
10	18	2	2	1505
11	18	2	2	1506
12	18	2	2	1507
13	18	2	2	1508
14	18	2	2	1509
15	18	2	2	1510
16	18	2	2	1511
17	18	2	2	1512
18	18	2	2	1513
19	18	2	2	1514
20	18	2	2	1515
21	18	2	2	1516
22	18	2	2	1517
23	18	2	2	1518
24	18	2	2	1519
25	18	2	2	1520
26	18	2	2	1521
27	18	2	2	1522
28	18	2	2	1523
29	18	2	2	1524
30	18	2	2	1525
31	18	2	2	1526
32	18	2	2	1527
33	18	2	2	1528
34	18	2	2	1529
35	18	2	2	1530
36	18	2	2	1531
37	18	2	2	1532
38	18	2	2	1533
39	18	2	2	1534
40	18	2	2	1535
41	18	2	2	1536
42	18	2	2	1537
43	18	2	2	1538
44	18	2	2	1539
45	18	2	2	1540
46	18	2	2	1541
47	18	2	2	1542
48	18	2	2	1543
49	18	2	2	1544
50	18	2	2	1545
51	18	2	2	1546
52	18	2	2	1547
53	18	2	2	1548
54	18	2	2	1549
55	18	2	2	1550
56	18	2	2	1551
57	18	2	2	1552
58	18	2	2	1553
59	18	2	2	1554
60	18	2	2	1555
61	18	2	2	1556
62	18	2	2	1557
63	18	2	2	1558
64	18	2	2	1559
65	18	2	2	1560
66	18	2	2	1561
67	18	2	2	1562
68	18	2	2	1563
69	18	2	2	1564
70	18	2	2	1565
71	18	2	2	1566
72	18	2	2	1567
73	18	2	2	1568
74	18	2	2	1569
75	18	2	2	1570
76	18	2	2	1571
77	18	2	2	1572
78	18	2	2	1573
79	18	2	2	1574
80	18	2	2	1575
81	18	2	2	1576
82	18	2	2	1577
83	18	2	2	1578
84	18	2	2	1579
85	18	2	2	1580
86	18	2	2	1581
87	18	2	2	1582
88	18	2	2	1583
1	19	2	2	1584
2	19	2	2	1585
3	19	2	2	1586
4	19	2	2	1587
5	19	2	2	1588
6	19	2	2	1589
7	19	2	2	1590
8	19	2	2	1591
9	19	2	2	1592
10	19	2	2	1593
11	19	2	2	1594
12	19	2	2	1595
13	19	2	2	1596
14	19	2	2	1597
15	19	2	2	1598
16	19	2	2	1599
17	19	2	2	1600
18	19	2	2	1601
19	19	2	2	1602
20	19	2	2	1603
21	19	2	2	1604
22	19	2	2	1605
23	19	2	2	1606
24	19	2	2	1607
25	19	2	2	1608
26	19	2	2	1609
27	19	2	2	1610
28	19	2	2	1611
29	19	2	2	1612
30	19	2	2	1613
31	19	2	2	1614
32	19	2	2	1615
33	19	2	2	1616
34	19	2	2	1617
35	19	2	2	1618
36	19	2	2	1619
37	19	2	2	1620
38	19	2	2	1621
39	19	2	2	1622
40	19	2	2	1623
41	19	2	2	1624
42	19	2	2	1625
43	19	2	2	1626
44	19	2	2	1627
45	19	2	2	1628
46	19	2	2	1629
47	19	2	2	1630
48	19	2	2	1631
49	19	2	2	1632
50	19	2	2	1633
51	19	2	2	1634
52	19	2	2	1635
53	19	2	2	1636
54	19	2	2	1637
55	19	2	2	1638
56	19	2	2	1639
57	19	2	2	1640
58	19	2	2	1641
59	19	2	2	1642
60	19	2	2	1643
61	19	2	2	1644
62	19	2	2	1645
63	19	2	2	1646
64	19	2	2	1647
65	19	2	2	1648
66	19	2	2	1649
67	19	2	2	1650
68	19	2	2	1651
69	19	2	2	1652
70	19	2	2	1653
71	19	2	2	1654
72	19	2	2	1655
73	19	2	2	1656
74	19	2	2	1657
75	19	2	2	1658
76	19	2	2	1659
77	19	2	2	1660
78	19	2	2	1661
79	19	2	2	1662
80	19	2	2	1663
81	19	2	2	1664
82	19	2	2	1665
83	19	2	2	1666
84	19	2	2	1667
85	19	2	2	1668
86	19	2	2	1669
87	19	2	2	1670
88	19	2	2	1671
1	20	2	2	1672
2	20	2	2	1673
3	20	2	2	1674
4	20	2	2	1675
5	20	2	2	1676
6	20	2	2	1677
7	20	2	2	1678
8	20	2	2	1679
9	20	2	2	1680
10	20	2	2	1681
11	20	2	2	1682
12	20	2	2	1683
13	20	2	2	1684
14	20	2	2	1685
15	20	2	2	1686
16	20	2	2	1687
17	20	2	2	1688
18	20	2	2	1689
19	20	2	2	1690
20	20	2	2	1691
21	20	2	2	1692
22	20	2	2	1693
23	20	2	2	1694
24	20	2	2	1695
25	20	2	2	1696
26	20	2	2	1697
27	20	2	2	1698
28	20	2	2	1699
29	20	2	2	1700
30	20	2	2	1701
31	20	2	2	1702
32	20	2	2	1703
33	20	2	2	1704
34	20	2	2	1705
35	20	2	2	1706
36	20	2	2	1707
37	20	2	2	1708
38	20	2	2	1709
39	20	2	2	1710
40	20	2	2	1711
41	20	2	2	1712
42	20	2	2	1713
43	20	2	2	1714
44	20	2	2	1715
45	20	2	2	1716
46	20	2	2	1717
47	20	2	2	1718
48	20	2	2	1719
49	20	2	2	1720
50	20	2	2	1721
51	20	2	2	1722
52	20	2	2	1723
53	20	2	2	1724
54	20	2	2	1725
55	20	2	2	1726
56	20	2	2	1727
57	20	2	2	1728
58	20	2	2	1729
59	20	2	2	1730
60	20	2	2	1731
61	20	2	2	1732
62	20	2	2	1733
63	20	2	2	1734
64	20	2	2	1735
65	20	2	2	1736
66	20	2	2	1737
67	20	2	2	1738
68	20	2	2	1739
69	20	2	2	1740
70	20	2	2	1741
71	20	2	2	1742
72	20	2	2	1743
73	20	2	2	1744
74	20	2	2	1745
75	20	2	2	1746
76	20	2	2	1747
77	20	2	2	1748
78	20	2	2	1749
79	20	2	2	1750
80	20	2	2	1751
81	20	2	2	1752
82	20	2	2	1753
83	20	2	2	1754
84	20	2	2	1755
85	20	2	2	1756
86	20	2	2	1757
87	20	2	2	1758
88	20	2	2	1759
1	21	2	2	1760
2	21	2	2	1761
3	21	2	2	1762
4	21	2	2	1763
5	21	2	2	1764
6	21	2	2	1765
7	21	2	2	1766
8	21	2	2	1767
9	21	2	2	1768
10	21	2	2	1769
11	21	2	2	1770
12	21	2	2	1771
13	21	2	2	1772
14	21	2	2	1773
15	21	2	2	1774
16	21	2	2	1775
17	21	2	2	1776
18	21	2	2	1777
19	21	2	2	1778
20	21	2	2	1779
21	21	2	2	1780
22	21	2	2	1781
23	21	2	2	1782
24	21	2	2	1783
25	21	2	2	1784
26	21	2	2	1785
27	21	2	2	1786
28	21	2	2	1787
29	21	2	2	1788
30	21	2	2	1789
31	21	2	2	1790
32	21	2	2	1791
33	21	2	2	1792
34	21	2	2	1793
35	21	2	2	1794
36	21	2	2	1795
37	21	2	2	1796
38	21	2	2	1797
39	21	2	2	1798
40	21	2	2	1799
41	21	2	2	1800
42	21	2	2	1801
43	21	2	2	1802
44	21	2	2	1803
45	21	2	2	1804
46	21	2	2	1805
47	21	2	2	1806
48	21	2	2	1807
49	21	2	2	1808
50	21	2	2	1809
51	21	2	2	1810
52	21	2	2	1811
53	21	2	2	1812
54	21	2	2	1813
55	21	2	2	1814
56	21	2	2	1815
57	21	2	2	1816
58	21	2	2	1817
59	21	2	2	1818
60	21	2	2	1819
61	21	2	2	1820
62	21	2	2	1821
63	21	2	2	1822
64	21	2	2	1823
65	21	2	2	1824
66	21	2	2	1825
67	21	2	2	1826
68	21	2	2	1827
69	21	2	2	1828
70	21	2	2	1829
71	21	2	2	1830
72	21	2	2	1831
73	21	2	2	1832
74	21	2	2	1833
75	21	2	2	1834
76	21	2	2	1835
77	21	2	2	1836
78	21	2	2	1837
79	21	2	2	1838
80	21	2	2	1839
81	21	2	2	1840
82	21	2	2	1841
83	21	2	2	1842
84	21	2	2	1843
85	21	2	2	1844
86	21	2	2	1845
87	21	2	2	1846
88	21	2	2	1847
1	22	2	2	1848
2	22	2	2	1849
3	22	2	2	1850
4	22	2	2	1851
5	22	2	2	1852
6	22	2	2	1853
7	22	2	2	1854
8	22	2	2	1855
9	22	2	2	1856
10	22	2	2	1857
11	22	2	2	1858
12	22	2	2	1859
13	22	2	2	1860
14	22	2	2	1861
15	22	2	2	1862
16	22	2	2	1863
17	22	2	2	1864
18	22	2	2	1865
19	22	2	2	1866
20	22	2	2	1867
21	22	2	2	1868
22	22	2	2	1869
23	22	2	2	1870
24	22	2	2	1871
25	22	2	2	1872
26	22	2	2	1873
27	22	2	2	1874
28	22	2	2	1875
29	22	2	2	1876
30	22	2	2	1877
31	22	2	2	1878
32	22	2	2	1879
33	22	2	2	1880
34	22	2	2	1881
35	22	2	2	1882
36	22	2	2	1883
37	22	2	2	1884
38	22	2	2	1885
39	22	2	2	1886
40	22	2	2	1887
41	22	2	2	1888
42	22	2	2	1889
43	22	2	2	1890
44	22	2	2	1891
45	22	2	2	1892
46	22	2	2	1893
47	22	2	2	1894
48	22	2	2	1895
49	22	2	2	1896
50	22	2	2	1897
51	22	2	2	1898
52	22	2	2	1899
53	22	2	2	1900
54	22	2	2	1901
55	22	2	2	1902
56	22	2	2	1903
57	22	2	2	1904
58	22	2	2	1905
59	22	2	2	1906
60	22	2	2	1907
61	22	2	2	1908
62	22	2	2	1909
63	22	2	2	1910
64	22	2	2	1911
65	22	2	2	1912
66	22	2	2	1913
67	22	2	2	1914
68	22	2	2	1915
69	22	2	2	1916
70	22	2	2	1917
71	22	2	2	1918
72	22	2	2	1919
73	22	2	2	1920
74	22	2	2	1921
75	22	2	2	1922
76	22	2	2	1923
77	22	2	2	1924
78	22	2	2	1925
79	22	2	2	1926
80	22	2	2	1927
81	22	2	2	1928
82	22	2	2	1929
83	22	2	2	1930
84	22	2	2	1931
85	22	2	2	1932
86	22	2	2	1933
87	22	2	2	1934
88	22	2	2	1935
1	23	2	2	1936
2	23	2	2	1937
3	23	2	2	1938
4	23	2	2	1939
5	23	2	2	1940
6	23	2	2	1941
7	23	2	2	1942
8	23	2	2	1943
9	23	2	2	1944
10	23	2	2	1945
11	23	2	2	1946
12	23	2	2	1947
13	23	2	2	1948
14	23	2	2	1949
15	23	2	2	1950
16	23	2	2	1951
17	23	2	2	1952
18	23	2	2	1953
19	23	2	2	1954
20	23	2	2	1955
21	23	2	2	1956
22	23	2	2	1957
23	23	2	2	1958
24	23	2	2	1959
25	23	2	2	1960
26	23	2	2	1961
27	23	2	2	1962
28	23	2	2	1963
29	23	2	2	1964
30	23	2	2	1965
31	23	2	2	1966
32	23	2	2	1967
33	23	2	2	1968
34	23	2	2	1969
35	23	2	2	1970
36	23	2	2	1971
37	23	2	2	1972
38	23	2	2	1973
39	23	2	2	1974
40	23	2	2	1975
41	23	2	2	1976
42	23	2	2	1977
43	23	2	2	1978
44	23	2	2	1979
45	23	2	2	1980
46	23	2	2	1981
47	23	2	2	1982
48	23	2	2	1983
49	23	2	2	1984
50	23	2	2	1985
51	23	2	2	1986
52	23	2	2	1987
53	23	2	2	1988
54	23	2	2	1989
55	23	2	2	1990
56	23	2	2	1991
57	23	2	2	1992
58	23	2	2	1993
59	23	2	2	1994
60	23	2	2	1995
61	23	2	2	1996
62	23	2	2	1997
63	23	2	2	1998
64	23	2	2	1999
65	23	2	2	2000
66	23	2	2	2001
67	23	2	2	2002
68	23	2	2	2003
69	23	2	2	2004
70	23	2	2	2005
71	23	2	2	2006
72	23	2	2	2007
73	23	2	2	2008
74	23	2	2	2009
75	23	2	2	2010
76	23	2	2	2011
77	23	2	2	2012
78	23	2	2	2013
79	23	2	2	2014
80	23	2	2	2015
81	23	2	2	2016
82	23	2	2	2017
83	23	2	2	2018
84	23	2	2	2019
85	23	2	2	2020
86	23	2	2	2021
87	23	2	2	2022
88	23	2	2	2023
1	24	2	2	2024
2	24	2	2	2025
3	24	2	2	2026
4	24	2	2	2027
5	24	2	2	2028
6	24	2	2	2029
7	24	2	2	2030
8	24	2	2	2031
9	24	2	2	2032
10	24	2	2	2033
11	24	2	2	2034
12	24	2	2	2035
13	24	2	2	2036
14	24	2	2	2037
15	24	2	2	2038
16	24	2	2	2039
17	24	2	2	2040
18	24	2	2	2041
19	24	2	2	2042
20	24	2	2	2043
21	24	2	2	2044
22	24	2	2	2045
23	24	2	2	2046
24	24	2	2	2047
25	24	2	2	2048
26	24	2	2	2049
27	24	2	2	2050
28	24	2	2	2051
29	24	2	2	2052
30	24	2	2	2053
31	24	2	2	2054
32	24	2	2	2055
33	24	2	2	2056
34	24	2	2	2057
35	24	2	2	2058
36	24	2	2	2059
37	24	2	2	2060
38	24	2	2	2061
39	24	2	2	2062
40	24	2	2	2063
41	24	2	2	2064
42	24	2	2	2065
43	24	2	2	2066
44	24	2	2	2067
45	24	2	2	2068
46	24	2	2	2069
47	24	2	2	2070
48	24	2	2	2071
49	24	2	2	2072
50	24	2	2	2073
51	24	2	2	2074
52	24	2	2	2075
53	24	2	2	2076
54	24	2	2	2077
55	24	2	2	2078
56	24	2	2	2079
57	24	2	2	2080
58	24	2	2	2081
59	24	2	2	2082
60	24	2	2	2083
61	24	2	2	2084
62	24	2	2	2085
63	24	2	2	2086
64	24	2	2	2087
65	24	2	2	2088
66	24	2	2	2089
67	24	2	2	2090
68	24	2	2	2091
69	24	2	2	2092
70	24	2	2	2093
71	24	2	2	2094
72	24	2	2	2095
73	24	2	2	2096
74	24	2	2	2097
75	24	2	2	2098
76	24	2	2	2099
77	24	2	2	2100
78	24	2	2	2101
79	24	2	2	2102
80	24	2	2	2103
81	24	2	2	2104
82	24	2	2	2105
83	24	2	2	2106
84	24	2	2	2107
85	24	2	2	2108
86	24	2	2	2109
87	24	2	2	2110
88	24	2	2	2111
1	25	2	2	2112
2	25	2	2	2113
3	25	2	2	2114
4	25	2	2	2115
5	25	2	2	2116
6	25	2	2	2117
7	25	2	2	2118
8	25	2	2	2119
9	25	2	2	2120
10	25	2	2	2121
11	25	2	2	2122
12	25	2	2	2123
13	25	2	2	2124
14	25	2	2	2125
15	25	2	2	2126
16	25	2	2	2127
17	25	2	2	2128
18	25	2	2	2129
19	25	2	2	2130
20	25	2	2	2131
21	25	2	2	2132
22	25	2	2	2133
23	25	2	2	2134
24	25	2	2	2135
25	25	2	2	2136
26	25	2	2	2137
27	25	2	2	2138
28	25	2	2	2139
29	25	2	2	2140
30	25	2	2	2141
31	25	2	2	2142
32	25	2	2	2143
33	25	2	2	2144
34	25	2	2	2145
35	25	2	2	2146
36	25	2	2	2147
37	25	2	2	2148
38	25	2	2	2149
39	25	2	2	2150
40	25	2	2	2151
41	25	2	2	2152
42	25	2	2	2153
43	25	2	2	2154
44	25	2	2	2155
45	25	2	2	2156
46	25	2	2	2157
47	25	2	2	2158
48	25	2	2	2159
49	25	2	2	2160
50	25	2	2	2161
51	25	2	2	2162
52	25	2	2	2163
53	25	2	2	2164
54	25	2	2	2165
55	25	2	2	2166
56	25	2	2	2167
57	25	2	2	2168
58	25	2	2	2169
59	25	2	2	2170
60	25	2	2	2171
61	25	2	2	2172
62	25	2	2	2173
63	25	2	2	2174
64	25	2	2	2175
65	25	2	2	2176
66	25	2	2	2177
67	25	2	2	2178
68	25	2	2	2179
69	25	2	2	2180
70	25	2	2	2181
71	25	2	2	2182
72	25	2	2	2183
73	25	2	2	2184
74	25	2	2	2185
75	25	2	2	2186
76	25	2	2	2187
77	25	2	2	2188
78	25	2	2	2189
79	25	2	2	2190
80	25	2	2	2191
81	25	2	2	2192
82	25	2	2	2193
83	25	2	2	2194
84	25	2	2	2195
85	25	2	2	2196
86	25	2	2	2197
87	25	2	2	2198
88	25	2	2	2199
1	26	2	2	2200
2	26	2	2	2201
3	26	2	2	2202
4	26	2	2	2203
5	26	2	2	2204
6	26	2	2	2205
7	26	2	2	2206
8	26	2	2	2207
9	26	2	2	2208
10	26	2	2	2209
11	26	2	2	2210
12	26	2	2	2211
13	26	2	2	2212
14	26	2	2	2213
15	26	2	2	2214
16	26	2	2	2215
17	26	2	2	2216
18	26	2	2	2217
19	26	2	2	2218
20	26	2	2	2219
21	26	2	2	2220
22	26	2	2	2221
23	26	2	2	2222
24	26	2	2	2223
25	26	2	2	2224
26	26	2	2	2225
27	26	2	2	2226
28	26	2	2	2227
29	26	2	2	2228
30	26	2	2	2229
31	26	2	2	2230
32	26	2	2	2231
33	26	2	2	2232
34	26	2	2	2233
35	26	2	2	2234
36	26	2	2	2235
37	26	2	2	2236
38	26	2	2	2237
39	26	2	2	2238
40	26	2	2	2239
41	26	2	2	2240
42	26	2	2	2241
43	26	2	2	2242
44	26	2	2	2243
45	26	2	2	2244
46	26	2	2	2245
47	26	2	2	2246
48	26	2	2	2247
49	26	2	2	2248
50	26	2	2	2249
51	26	2	2	2250
52	26	2	2	2251
53	26	2	2	2252
54	26	2	2	2253
55	26	2	2	2254
56	26	2	2	2255
57	26	2	2	2256
58	26	2	2	2257
59	26	2	2	2258
60	26	2	2	2259
61	26	2	2	2260
62	26	2	2	2261
63	26	2	2	2262
64	26	2	2	2263
65	26	2	2	2264
66	26	2	2	2265
67	26	2	2	2266
68	26	2	2	2267
69	26	2	2	2268
70	26	2	2	2269
71	26	2	2	2270
72	26	2	2	2271
73	26	2	2	2272
74	26	2	2	2273
75	26	2	2	2274
76	26	2	2	2275
77	26	2	2	2276
78	26	2	2	2277
79	26	2	2	2278
80	26	2	2	2279
81	26	2	2	2280
82	26	2	2	2281
83	26	2	2	2282
84	26	2	2	2283
85	26	2	2	2284
86	26	2	2	2285
87	26	2	2	2286
88	26	2	2	2287
1	27	2	2	2288
2	27	2	2	2289
3	27	2	2	2290
4	27	2	2	2291
5	27	2	2	2292
6	27	2	2	2293
7	27	2	2	2294
8	27	2	2	2295
9	27	2	2	2296
10	27	2	2	2297
11	27	2	2	2298
12	27	2	2	2299
13	27	2	2	2300
14	27	2	2	2301
15	27	2	2	2302
16	27	2	2	2303
17	27	2	2	2304
18	27	2	2	2305
19	27	2	2	2306
20	27	2	2	2307
21	27	2	2	2308
22	27	2	2	2309
23	27	2	2	2310
24	27	2	2	2311
25	27	2	2	2312
26	27	2	2	2313
27	27	2	2	2314
28	27	2	2	2315
29	27	2	2	2316
30	27	2	2	2317
31	27	2	2	2318
32	27	2	2	2319
33	27	2	2	2320
34	27	2	2	2321
35	27	2	2	2322
36	27	2	2	2323
37	27	2	2	2324
38	27	2	2	2325
39	27	2	2	2326
40	27	2	2	2327
41	27	2	2	2328
42	27	2	2	2329
43	27	2	2	2330
44	27	2	2	2331
45	27	2	2	2332
46	27	2	2	2333
47	27	2	2	2334
48	27	2	2	2335
49	27	2	2	2336
50	27	2	2	2337
51	27	2	2	2338
52	27	2	2	2339
53	27	2	2	2340
54	27	2	2	2341
55	27	2	2	2342
56	27	2	2	2343
57	27	2	2	2344
58	27	2	2	2345
59	27	2	2	2346
60	27	2	2	2347
61	27	2	2	2348
62	27	2	2	2349
63	27	2	2	2350
64	27	2	2	2351
65	27	2	2	2352
66	27	2	2	2353
67	27	2	2	2354
68	27	2	2	2355
69	27	2	2	2356
70	27	2	2	2357
71	27	2	2	2358
72	27	2	2	2359
73	27	2	2	2360
74	27	2	2	2361
75	27	2	2	2362
76	27	2	2	2363
77	27	2	2	2364
78	27	2	2	2365
79	27	2	2	2366
80	27	2	2	2367
81	27	2	2	2368
82	27	2	2	2369
83	27	2	2	2370
84	27	2	2	2371
85	27	2	2	2372
86	27	2	2	2373
87	27	2	2	2374
88	27	2	2	2375
1	28	2	2	2376
2	28	2	2	2377
3	28	2	2	2378
4	28	2	2	2379
5	28	2	2	2380
6	28	2	2	2381
7	28	2	2	2382
8	28	2	2	2383
9	28	2	2	2384
10	28	2	2	2385
11	28	2	2	2386
12	28	2	2	2387
13	28	2	2	2388
14	28	2	2	2389
15	28	2	2	2390
16	28	2	2	2391
17	28	2	2	2392
18	28	2	2	2393
19	28	2	2	2394
20	28	2	2	2395
21	28	2	2	2396
22	28	2	2	2397
23	28	2	2	2398
24	28	2	2	2399
25	28	2	2	2400
26	28	2	2	2401
27	28	2	2	2402
28	28	2	2	2403
29	28	2	2	2404
30	28	2	2	2405
31	28	2	2	2406
32	28	2	2	2407
33	28	2	2	2408
34	28	2	2	2409
35	28	2	2	2410
36	28	2	2	2411
37	28	2	2	2412
38	28	2	2	2413
39	28	2	2	2414
40	28	2	2	2415
41	28	2	2	2416
42	28	2	2	2417
43	28	2	2	2418
44	28	2	2	2419
45	28	2	2	2420
46	28	2	2	2421
47	28	2	2	2422
48	28	2	2	2423
49	28	2	2	2424
50	28	2	2	2425
51	28	2	2	2426
52	28	2	2	2427
53	28	2	2	2428
54	28	2	2	2429
55	28	2	2	2430
56	28	2	2	2431
57	28	2	2	2432
58	28	2	2	2433
59	28	2	2	2434
60	28	2	2	2435
61	28	2	2	2436
62	28	2	2	2437
63	28	2	2	2438
64	28	2	2	2439
65	28	2	2	2440
66	28	2	2	2441
67	28	2	2	2442
68	28	2	2	2443
69	28	2	2	2444
70	28	2	2	2445
71	28	2	2	2446
72	28	2	2	2447
73	28	2	2	2448
74	28	2	2	2449
75	28	2	2	2450
76	28	2	2	2451
77	28	2	2	2452
78	28	2	2	2453
79	28	2	2	2454
80	28	2	2	2455
81	28	2	2	2456
82	28	2	2	2457
83	28	2	2	2458
84	28	2	2	2459
85	28	2	2	2460
86	28	2	2	2461
87	28	2	2	2462
88	28	2	2	2463
1	29	2	2	2464
2	29	2	2	2465
3	29	2	2	2466
4	29	2	2	2467
5	29	2	2	2468
6	29	2	2	2469
7	29	2	2	2470
8	29	2	2	2471
9	29	2	2	2472
10	29	2	2	2473
11	29	2	2	2474
12	29	2	2	2475
13	29	2	2	2476
14	29	2	2	2477
15	29	2	2	2478
16	29	2	2	2479
17	29	2	2	2480
18	29	2	2	2481
19	29	2	2	2482
20	29	2	2	2483
21	29	2	2	2484
22	29	2	2	2485
23	29	2	2	2486
24	29	2	2	2487
25	29	2	2	2488
26	29	2	2	2489
27	29	2	2	2490
28	29	2	2	2491
29	29	2	2	2492
30	29	2	2	2493
31	29	2	2	2494
32	29	2	2	2495
33	29	2	2	2496
34	29	2	2	2497
35	29	2	2	2498
36	29	2	2	2499
37	29	2	2	2500
38	29	2	2	2501
39	29	2	2	2502
40	29	2	2	2503
41	29	2	2	2504
42	29	2	2	2505
43	29	2	2	2506
44	29	2	2	2507
45	29	2	2	2508
46	29	2	2	2509
47	29	2	2	2510
48	29	2	2	2511
49	29	2	2	2512
50	29	2	2	2513
51	29	2	2	2514
52	29	2	2	2515
53	29	2	2	2516
54	29	2	2	2517
55	29	2	2	2518
56	29	2	2	2519
57	29	2	2	2520
58	29	2	2	2521
59	29	2	2	2522
60	29	2	2	2523
61	29	2	2	2524
62	29	2	2	2525
63	29	2	2	2526
64	29	2	2	2527
65	29	2	2	2528
66	29	2	2	2529
67	29	2	2	2530
68	29	2	2	2531
69	29	2	2	2532
70	29	2	2	2533
71	29	2	2	2534
72	29	2	2	2535
73	29	2	2	2536
74	29	2	2	2537
75	29	2	2	2538
76	29	2	2	2539
77	29	2	2	2540
78	29	2	2	2541
79	29	2	2	2542
80	29	2	2	2543
81	29	2	2	2544
82	29	2	2	2545
83	29	2	2	2546
84	29	2	2	2547
85	29	2	2	2548
86	29	2	2	2549
87	29	2	2	2550
88	29	2	2	2551
1	30	2	2	2552
2	30	2	2	2553
3	30	2	2	2554
4	30	2	2	2555
5	30	2	2	2556
6	30	2	2	2557
7	30	2	2	2558
8	30	2	2	2559
9	30	2	2	2560
10	30	2	2	2561
11	30	2	2	2562
12	30	2	2	2563
13	30	2	2	2564
14	30	2	2	2565
15	30	2	2	2566
16	30	2	2	2567
17	30	2	2	2568
18	30	2	2	2569
19	30	2	2	2570
20	30	2	2	2571
21	30	2	2	2572
22	30	2	2	2573
23	30	2	2	2574
24	30	2	2	2575
25	30	2	2	2576
26	30	2	2	2577
27	30	2	2	2578
28	30	2	2	2579
29	30	2	2	2580
30	30	2	2	2581
31	30	2	2	2582
32	30	2	2	2583
33	30	2	2	2584
34	30	2	2	2585
35	30	2	2	2586
36	30	2	2	2587
37	30	2	2	2588
38	30	2	2	2589
39	30	2	2	2590
40	30	2	2	2591
41	30	2	2	2592
42	30	2	2	2593
43	30	2	2	2594
44	30	2	2	2595
45	30	2	2	2596
46	30	2	2	2597
47	30	2	2	2598
48	30	2	2	2599
49	30	2	2	2600
50	30	2	2	2601
51	30	2	2	2602
52	30	2	2	2603
53	30	2	2	2604
54	30	2	2	2605
55	30	2	2	2606
56	30	2	2	2607
57	30	2	2	2608
58	30	2	2	2609
59	30	2	2	2610
60	30	2	2	2611
61	30	2	2	2612
62	30	2	2	2613
63	30	2	2	2614
64	30	2	2	2615
65	30	2	2	2616
66	30	2	2	2617
67	30	2	2	2618
68	30	2	2	2619
69	30	2	2	2620
70	30	2	2	2621
71	30	2	2	2622
72	30	2	2	2623
73	30	2	2	2624
74	30	2	2	2625
75	30	2	2	2626
76	30	2	2	2627
77	30	2	2	2628
78	30	2	2	2629
79	30	2	2	2630
80	30	2	2	2631
81	30	2	2	2632
82	30	2	2	2633
83	30	2	2	2634
84	30	2	2	2635
85	30	2	2	2636
86	30	2	2	2637
87	30	2	2	2638
88	30	2	2	2639
1	31	2	2	2640
2	31	2	2	2641
3	31	2	2	2642
4	31	2	2	2643
5	31	2	2	2644
6	31	2	2	2645
7	31	2	2	2646
8	31	2	2	2647
9	31	2	2	2648
10	31	2	2	2649
11	31	2	2	2650
12	31	2	2	2651
13	31	2	2	2652
14	31	2	2	2653
15	31	2	2	2654
16	31	2	2	2655
17	31	2	2	2656
18	31	2	2	2657
19	31	2	2	2658
20	31	2	2	2659
21	31	2	2	2660
22	31	2	2	2661
23	31	2	2	2662
24	31	2	2	2663
25	31	2	2	2664
26	31	2	2	2665
27	31	2	2	2666
28	31	2	2	2667
29	31	2	2	2668
30	31	2	2	2669
31	31	2	2	2670
32	31	2	2	2671
33	31	2	2	2672
34	31	2	2	2673
35	31	2	2	2674
36	31	2	2	2675
37	31	2	2	2676
38	31	2	2	2677
39	31	2	2	2678
40	31	2	2	2679
41	31	2	2	2680
42	31	2	2	2681
43	31	2	2	2682
44	31	2	2	2683
45	31	2	2	2684
46	31	2	2	2685
47	31	2	2	2686
48	31	2	2	2687
49	31	2	2	2688
50	31	2	2	2689
51	31	2	2	2690
52	31	2	2	2691
53	31	2	2	2692
54	31	2	2	2693
55	31	2	2	2694
56	31	2	2	2695
57	31	2	2	2696
58	31	2	2	2697
59	31	2	2	2698
60	31	2	2	2699
61	31	2	2	2700
62	31	2	2	2701
63	31	2	2	2702
64	31	2	2	2703
65	31	2	2	2704
66	31	2	2	2705
67	31	2	2	2706
68	31	2	2	2707
69	31	2	2	2708
70	31	2	2	2709
71	31	2	2	2710
72	31	2	2	2711
73	31	2	2	2712
74	31	2	2	2713
75	31	2	2	2714
76	31	2	2	2715
77	31	2	2	2716
78	31	2	2	2717
79	31	2	2	2718
80	31	2	2	2719
81	31	2	2	2720
82	31	2	2	2721
83	31	2	2	2722
84	31	2	2	2723
85	31	2	2	2724
86	31	2	2	2725
87	31	2	2	2726
88	31	2	2	2727
1	32	2	2	2728
2	32	2	2	2729
3	32	2	2	2730
4	32	2	2	2731
5	32	2	2	2732
6	32	2	2	2733
7	32	2	2	2734
8	32	2	2	2735
9	32	2	2	2736
10	32	2	2	2737
11	32	2	2	2738
12	32	2	2	2739
13	32	2	2	2740
14	32	2	2	2741
15	32	2	2	2742
16	32	2	2	2743
17	32	2	2	2744
18	32	2	2	2745
19	32	2	2	2746
20	32	2	2	2747
21	32	2	2	2748
22	32	2	2	2749
23	32	2	2	2750
24	32	2	2	2751
25	32	2	2	2752
26	32	2	2	2753
27	32	2	2	2754
28	32	2	2	2755
29	32	2	2	2756
30	32	2	2	2757
31	32	2	2	2758
32	32	2	2	2759
33	32	2	2	2760
34	32	2	2	2761
35	32	2	2	2762
36	32	2	2	2763
37	32	2	2	2764
38	32	2	2	2765
39	32	2	2	2766
40	32	2	2	2767
41	32	2	2	2768
42	32	2	2	2769
43	32	2	2	2770
44	32	2	2	2771
45	32	2	2	2772
46	32	2	2	2773
47	32	2	2	2774
48	32	2	2	2775
49	32	2	2	2776
50	32	2	2	2777
51	32	2	2	2778
52	32	2	2	2779
53	32	2	2	2780
54	32	2	2	2781
55	32	2	2	2782
56	32	2	2	2783
57	32	2	2	2784
58	32	2	2	2785
59	32	2	2	2786
60	32	2	2	2787
61	32	2	2	2788
62	32	2	2	2789
63	32	2	2	2790
64	32	2	2	2791
65	32	2	2	2792
66	32	2	2	2793
67	32	2	2	2794
68	32	2	2	2795
69	32	2	2	2796
70	32	2	2	2797
71	32	2	2	2798
72	32	2	2	2799
73	32	2	2	2800
74	32	2	2	2801
75	32	2	2	2802
76	32	2	2	2803
77	32	2	2	2804
78	32	2	2	2805
79	32	2	2	2806
80	32	2	2	2807
81	32	2	2	2808
82	32	2	2	2809
83	32	2	2	2810
84	32	2	2	2811
85	32	2	2	2812
86	32	2	2	2813
87	32	2	2	2814
88	32	2	2	2815
1	33	2	2	2816
2	33	2	2	2817
3	33	2	2	2818
4	33	2	2	2819
5	33	2	2	2820
6	33	2	2	2821
7	33	2	2	2822
8	33	2	2	2823
9	33	2	2	2824
10	33	2	2	2825
11	33	2	2	2826
12	33	2	2	2827
13	33	2	2	2828
14	33	2	2	2829
15	33	2	2	2830
16	33	2	2	2831
17	33	2	2	2832
18	33	2	2	2833
19	33	2	2	2834
20	33	2	2	2835
21	33	2	2	2836
22	33	2	2	2837
23	33	2	2	2838
24	33	2	2	2839
25	33	2	2	2840
26	33	2	2	2841
27	33	2	2	2842
28	33	2	2	2843
29	33	2	2	2844
30	33	2	2	2845
31	33	2	2	2846
32	33	2	2	2847
33	33	2	2	2848
34	33	2	2	2849
35	33	2	2	2850
36	33	2	2	2851
37	33	2	2	2852
38	33	2	2	2853
39	33	2	2	2854
40	33	2	2	2855
41	33	2	2	2856
42	33	2	2	2857
43	33	2	2	2858
44	33	2	2	2859
45	33	2	2	2860
46	33	2	2	2861
47	33	2	2	2862
48	33	2	2	2863
49	33	2	2	2864
50	33	2	2	2865
51	33	2	2	2866
52	33	2	2	2867
53	33	2	2	2868
54	33	2	2	2869
55	33	2	2	2870
56	33	2	2	2871
57	33	2	2	2872
58	33	2	2	2873
59	33	2	2	2874
60	33	2	2	2875
61	33	2	2	2876
62	33	2	2	2877
63	33	2	2	2878
64	33	2	2	2879
65	33	2	2	2880
66	33	2	2	2881
67	33	2	2	2882
68	33	2	2	2883
69	33	2	2	2884
70	33	2	2	2885
71	33	2	2	2886
72	33	2	2	2887
73	33	2	2	2888
74	33	2	2	2889
75	33	2	2	2890
76	33	2	2	2891
77	33	2	2	2892
78	33	2	2	2893
79	33	2	2	2894
80	33	2	2	2895
81	33	2	2	2896
82	33	2	2	2897
83	33	2	2	2898
84	33	2	2	2899
85	33	2	2	2900
86	33	2	2	2901
87	33	2	2	2902
88	33	2	2	2903
1	34	2	2	2904
2	34	2	2	2905
3	34	2	2	2906
4	34	2	2	2907
5	34	2	2	2908
6	34	2	2	2909
7	34	2	2	2910
8	34	2	2	2911
9	34	2	2	2912
10	34	2	2	2913
11	34	2	2	2914
12	34	2	2	2915
13	34	2	2	2916
14	34	2	2	2917
15	34	2	2	2918
16	34	2	2	2919
17	34	2	2	2920
18	34	2	2	2921
19	34	2	2	2922
20	34	2	2	2923
21	34	2	2	2924
22	34	2	2	2925
23	34	2	2	2926
24	34	2	2	2927
25	34	2	2	2928
26	34	2	2	2929
27	34	2	2	2930
28	34	2	2	2931
29	34	2	2	2932
30	34	2	2	2933
31	34	2	2	2934
32	34	2	2	2935
33	34	2	2	2936
34	34	2	2	2937
35	34	2	2	2938
36	34	2	2	2939
37	34	2	2	2940
38	34	2	2	2941
39	34	2	2	2942
40	34	2	2	2943
41	34	2	2	2944
42	34	2	2	2945
43	34	2	2	2946
44	34	2	2	2947
45	34	2	2	2948
46	34	2	2	2949
47	34	2	2	2950
48	34	2	2	2951
49	34	2	2	2952
50	34	2	2	2953
51	34	2	2	2954
52	34	2	2	2955
53	34	2	2	2956
54	34	2	2	2957
55	34	2	2	2958
56	34	2	2	2959
57	34	2	2	2960
58	34	2	2	2961
59	34	2	2	2962
60	34	2	2	2963
61	34	2	2	2964
62	34	2	2	2965
63	34	2	2	2966
64	34	2	2	2967
65	34	2	2	2968
66	34	2	2	2969
67	34	2	2	2970
68	34	2	2	2971
69	34	2	2	2972
70	34	2	2	2973
71	34	2	2	2974
72	34	2	2	2975
73	34	2	2	2976
74	34	2	2	2977
75	34	2	2	2978
76	34	2	2	2979
77	34	2	2	2980
78	34	2	2	2981
79	34	2	2	2982
80	34	2	2	2983
81	34	2	2	2984
82	34	2	2	2985
83	34	2	2	2986
84	34	2	2	2987
85	34	2	2	2988
86	34	2	2	2989
87	34	2	2	2990
88	34	2	2	2991
1	35	2	2	2992
2	35	2	2	2993
3	35	2	2	2994
4	35	2	2	2995
5	35	2	2	2996
6	35	2	2	2997
7	35	2	2	2998
8	35	2	2	2999
9	35	2	2	3000
10	35	2	2	3001
11	35	2	2	3002
12	35	2	2	3003
13	35	2	2	3004
14	35	2	2	3005
15	35	2	2	3006
16	35	2	2	3007
17	35	2	2	3008
18	35	2	2	3009
19	35	2	2	3010
20	35	2	2	3011
21	35	2	2	3012
22	35	2	2	3013
23	35	2	2	3014
24	35	2	2	3015
25	35	2	2	3016
26	35	2	2	3017
27	35	2	2	3018
28	35	2	2	3019
29	35	2	2	3020
30	35	2	2	3021
31	35	2	2	3022
32	35	2	2	3023
33	35	2	2	3024
34	35	2	2	3025
35	35	2	2	3026
36	35	2	2	3027
37	35	2	2	3028
38	35	2	2	3029
39	35	2	2	3030
40	35	2	2	3031
41	35	2	2	3032
42	35	2	2	3033
43	35	2	2	3034
44	35	2	2	3035
45	35	2	2	3036
46	35	2	2	3037
47	35	2	2	3038
48	35	2	2	3039
49	35	2	2	3040
50	35	2	2	3041
51	35	2	2	3042
52	35	2	2	3043
53	35	2	2	3044
54	35	2	2	3045
55	35	2	2	3046
56	35	2	2	3047
57	35	2	2	3048
58	35	2	2	3049
59	35	2	2	3050
60	35	2	2	3051
61	35	2	2	3052
62	35	2	2	3053
63	35	2	2	3054
64	35	2	2	3055
65	35	2	2	3056
66	35	2	2	3057
67	35	2	2	3058
68	35	2	2	3059
69	35	2	2	3060
70	35	2	2	3061
71	35	2	2	3062
72	35	2	2	3063
73	35	2	2	3064
74	35	2	2	3065
75	35	2	2	3066
76	35	2	2	3067
77	35	2	2	3068
78	35	2	2	3069
79	35	2	2	3070
80	35	2	2	3071
81	35	2	2	3072
82	35	2	2	3073
83	35	2	2	3074
84	35	2	2	3075
85	35	2	2	3076
86	35	2	2	3077
87	35	2	2	3078
88	35	2	2	3079
1	36	2	2	3080
2	36	2	2	3081
3	36	2	2	3082
4	36	2	2	3083
5	36	2	2	3084
6	36	2	2	3085
7	36	2	2	3086
8	36	2	2	3087
9	36	2	2	3088
10	36	2	2	3089
11	36	2	2	3090
12	36	2	2	3091
13	36	2	2	3092
14	36	2	2	3093
15	36	2	2	3094
16	36	2	2	3095
17	36	2	2	3096
18	36	2	2	3097
19	36	2	2	3098
20	36	2	2	3099
21	36	2	2	3100
22	36	2	2	3101
23	36	2	2	3102
24	36	2	2	3103
25	36	2	2	3104
26	36	2	2	3105
27	36	2	2	3106
28	36	2	2	3107
29	36	2	2	3108
30	36	2	2	3109
31	36	2	2	3110
32	36	2	2	3111
33	36	2	2	3112
34	36	2	2	3113
35	36	2	2	3114
36	36	2	2	3115
37	36	2	2	3116
38	36	2	2	3117
39	36	2	2	3118
40	36	2	2	3119
41	36	2	2	3120
42	36	2	2	3121
43	36	2	2	3122
44	36	2	2	3123
45	36	2	2	3124
46	36	2	2	3125
47	36	2	2	3126
48	36	2	2	3127
49	36	2	2	3128
50	36	2	2	3129
51	36	2	2	3130
52	36	2	2	3131
53	36	2	2	3132
54	36	2	2	3133
55	36	2	2	3134
56	36	2	2	3135
57	36	2	2	3136
58	36	2	2	3137
59	36	2	2	3138
60	36	2	2	3139
61	36	2	2	3140
62	36	2	2	3141
63	36	2	2	3142
64	36	2	2	3143
65	36	2	2	3144
66	36	2	2	3145
67	36	2	2	3146
68	36	2	2	3147
69	36	2	2	3148
70	36	2	2	3149
71	36	2	2	3150
72	36	2	2	3151
73	36	2	2	3152
74	36	2	2	3153
75	36	2	2	3154
76	36	2	2	3155
77	36	2	2	3156
78	36	2	2	3157
79	36	2	2	3158
80	36	2	2	3159
81	36	2	2	3160
82	36	2	2	3161
83	36	2	2	3162
84	36	2	2	3163
85	36	2	2	3164
86	36	2	2	3165
87	36	2	2	3166
88	36	2	2	3167
1	37	2	2	3168
2	37	2	2	3169
3	37	2	2	3170
4	37	2	2	3171
5	37	2	2	3172
6	37	2	2	3173
7	37	2	2	3174
8	37	2	2	3175
9	37	2	2	3176
10	37	2	2	3177
11	37	2	2	3178
12	37	2	2	3179
13	37	2	2	3180
14	37	2	2	3181
15	37	2	2	3182
16	37	2	2	3183
17	37	2	2	3184
18	37	2	2	3185
19	37	2	2	3186
20	37	2	2	3187
21	37	2	2	3188
22	37	2	2	3189
23	37	2	2	3190
24	37	2	2	3191
25	37	2	2	3192
26	37	2	2	3193
27	37	2	2	3194
28	37	2	2	3195
29	37	2	2	3196
30	37	2	2	3197
31	37	2	2	3198
32	37	2	2	3199
33	37	2	2	3200
34	37	2	2	3201
35	37	2	2	3202
36	37	2	2	3203
37	37	2	2	3204
38	37	2	2	3205
39	37	2	2	3206
40	37	2	2	3207
41	37	2	2	3208
42	37	2	2	3209
43	37	2	2	3210
44	37	2	2	3211
45	37	2	2	3212
46	37	2	2	3213
47	37	2	2	3214
48	37	2	2	3215
49	37	2	2	3216
50	37	2	2	3217
51	37	2	2	3218
52	37	2	2	3219
53	37	2	2	3220
54	37	2	2	3221
55	37	2	2	3222
56	37	2	2	3223
57	37	2	2	3224
58	37	2	2	3225
59	37	2	2	3226
60	37	2	2	3227
61	37	2	2	3228
62	37	2	2	3229
63	37	2	2	3230
64	37	2	2	3231
65	37	2	2	3232
66	37	2	2	3233
67	37	2	2	3234
68	37	2	2	3235
69	37	2	2	3236
70	37	2	2	3237
71	37	2	2	3238
72	37	2	2	3239
73	37	2	2	3240
74	37	2	2	3241
75	37	2	2	3242
76	37	2	2	3243
77	37	2	2	3244
78	37	2	2	3245
79	37	2	2	3246
80	37	2	2	3247
81	37	2	2	3248
82	37	2	2	3249
83	37	2	2	3250
84	37	2	2	3251
85	37	2	2	3252
86	37	2	2	3253
87	37	2	2	3254
88	37	2	2	3255
1	38	2	2	3256
2	38	2	2	3257
3	38	2	2	3258
4	38	2	2	3259
5	38	2	2	3260
6	38	2	2	3261
7	38	2	2	3262
8	38	2	2	3263
9	38	2	2	3264
10	38	2	2	3265
11	38	2	2	3266
12	38	2	2	3267
13	38	2	2	3268
14	38	2	2	3269
15	38	2	2	3270
16	38	2	2	3271
17	38	2	2	3272
18	38	2	2	3273
19	38	2	2	3274
20	38	2	2	3275
21	38	2	2	3276
22	38	2	2	3277
23	38	2	2	3278
24	38	2	2	3279
25	38	2	2	3280
26	38	2	2	3281
27	38	2	2	3282
28	38	2	2	3283
29	38	2	2	3284
30	38	2	2	3285
31	38	2	2	3286
32	38	2	2	3287
33	38	2	2	3288
34	38	2	2	3289
35	38	2	2	3290
36	38	2	2	3291
37	38	2	2	3292
38	38	2	2	3293
39	38	2	2	3294
40	38	2	2	3295
41	38	2	2	3296
42	38	2	2	3297
43	38	2	2	3298
44	38	2	2	3299
45	38	2	2	3300
46	38	2	2	3301
47	38	2	2	3302
48	38	2	2	3303
49	38	2	2	3304
50	38	2	2	3305
51	38	2	2	3306
52	38	2	2	3307
53	38	2	2	3308
54	38	2	2	3309
55	38	2	2	3310
56	38	2	2	3311
57	38	2	2	3312
58	38	2	2	3313
59	38	2	2	3314
60	38	2	2	3315
61	38	2	2	3316
62	38	2	2	3317
63	38	2	2	3318
64	38	2	2	3319
65	38	2	2	3320
66	38	2	2	3321
67	38	2	2	3322
68	38	2	2	3323
69	38	2	2	3324
70	38	2	2	3325
71	38	2	2	3326
72	38	2	2	3327
73	38	2	2	3328
74	38	2	2	3329
75	38	2	2	3330
76	38	2	2	3331
77	38	2	2	3332
78	38	2	2	3333
79	38	2	2	3334
80	38	2	2	3335
81	38	2	2	3336
82	38	2	2	3337
83	38	2	2	3338
84	38	2	2	3339
85	38	2	2	3340
86	38	2	2	3341
87	38	2	2	3342
88	38	2	2	3343
1	39	2	2	3344
2	39	2	2	3345
3	39	2	2	3346
4	39	2	2	3347
5	39	2	2	3348
6	39	2	2	3349
7	39	2	2	3350
8	39	2	2	3351
9	39	2	2	3352
10	39	2	2	3353
11	39	2	2	3354
12	39	2	2	3355
13	39	2	2	3356
14	39	2	2	3357
15	39	2	2	3358
16	39	2	2	3359
17	39	2	2	3360
18	39	2	2	3361
19	39	2	2	3362
20	39	2	2	3363
21	39	2	2	3364
22	39	2	2	3365
23	39	2	2	3366
24	39	2	2	3367
25	39	2	2	3368
26	39	2	2	3369
27	39	2	2	3370
28	39	2	2	3371
29	39	2	2	3372
30	39	2	2	3373
31	39	2	2	3374
32	39	2	2	3375
33	39	2	2	3376
34	39	2	2	3377
35	39	2	2	3378
36	39	2	2	3379
37	39	2	2	3380
38	39	2	2	3381
39	39	2	2	3382
40	39	2	2	3383
41	39	2	2	3384
42	39	2	2	3385
43	39	2	2	3386
44	39	2	2	3387
45	39	2	2	3388
46	39	2	2	3389
47	39	2	2	3390
48	39	2	2	3391
49	39	2	2	3392
50	39	2	2	3393
51	39	2	2	3394
52	39	2	2	3395
53	39	2	2	3396
54	39	2	2	3397
55	39	2	2	3398
56	39	2	2	3399
57	39	2	2	3400
58	39	2	2	3401
59	39	2	2	3402
60	39	2	2	3403
61	39	2	2	3404
62	39	2	2	3405
63	39	2	2	3406
64	39	2	2	3407
65	39	2	2	3408
66	39	2	2	3409
67	39	2	2	3410
68	39	2	2	3411
69	39	2	2	3412
70	39	2	2	3413
71	39	2	2	3414
72	39	2	2	3415
73	39	2	2	3416
74	39	2	2	3417
75	39	2	2	3418
76	39	2	2	3419
77	39	2	2	3420
78	39	2	2	3421
79	39	2	2	3422
80	39	2	2	3423
81	39	2	2	3424
82	39	2	2	3425
83	39	2	2	3426
84	39	2	2	3427
85	39	2	2	3428
86	39	2	2	3429
87	39	2	2	3430
88	39	2	2	3431
1	40	2	2	3432
2	40	2	2	3433
3	40	2	2	3434
4	40	2	2	3435
5	40	2	2	3436
6	40	2	2	3437
7	40	2	2	3438
8	40	2	2	3439
9	40	2	2	3440
10	40	2	2	3441
11	40	2	2	3442
12	40	2	2	3443
13	40	2	2	3444
14	40	2	2	3445
15	40	2	2	3446
16	40	2	2	3447
17	40	2	2	3448
18	40	2	2	3449
19	40	2	2	3450
20	40	2	2	3451
21	40	2	2	3452
22	40	2	2	3453
23	40	2	2	3454
24	40	2	2	3455
25	40	2	2	3456
26	40	2	2	3457
27	40	2	2	3458
28	40	2	2	3459
29	40	2	2	3460
30	40	2	2	3461
31	40	2	2	3462
32	40	2	2	3463
33	40	2	2	3464
34	40	2	2	3465
35	40	2	2	3466
36	40	2	2	3467
37	40	2	2	3468
38	40	2	2	3469
39	40	2	2	3470
40	40	2	2	3471
41	40	2	2	3472
42	40	2	2	3473
43	40	2	2	3474
44	40	2	2	3475
45	40	2	2	3476
46	40	2	2	3477
47	40	2	2	3478
48	40	2	2	3479
49	40	2	2	3480
50	40	2	2	3481
51	40	2	2	3482
52	40	2	2	3483
53	40	2	2	3484
54	40	2	2	3485
55	40	2	2	3486
56	40	2	2	3487
57	40	2	2	3488
58	40	2	2	3489
59	40	2	2	3490
60	40	2	2	3491
61	40	2	2	3492
62	40	2	2	3493
63	40	2	2	3494
64	40	2	2	3495
65	40	2	2	3496
66	40	2	2	3497
67	40	2	2	3498
68	40	2	2	3499
69	40	2	2	3500
70	40	2	2	3501
71	40	2	2	3502
72	40	2	2	3503
73	40	2	2	3504
74	40	2	2	3505
75	40	2	2	3506
76	40	2	2	3507
77	40	2	2	3508
78	40	2	2	3509
79	40	2	2	3510
80	40	2	2	3511
81	40	2	2	3512
82	40	2	2	3513
83	40	2	2	3514
84	40	2	2	3515
85	40	2	2	3516
86	40	2	2	3517
87	40	2	2	3518
88	40	2	2	3519
1	41	2	2	3520
2	41	2	2	3521
3	41	2	2	3522
4	41	2	2	3523
5	41	2	2	3524
6	41	2	2	3525
7	41	2	2	3526
8	41	2	2	3527
9	41	2	2	3528
10	41	2	2	3529
11	41	2	2	3530
12	41	2	2	3531
13	41	2	2	3532
14	41	2	2	3533
15	41	2	2	3534
16	41	2	2	3535
17	41	2	2	3536
18	41	2	2	3537
19	41	2	2	3538
20	41	2	2	3539
21	41	2	2	3540
22	41	2	2	3541
23	41	2	2	3542
24	41	2	2	3543
25	41	2	2	3544
26	41	2	2	3545
27	41	2	2	3546
28	41	2	2	3547
29	41	2	2	3548
30	41	2	2	3549
31	41	2	2	3550
32	41	2	2	3551
33	41	2	2	3552
34	41	2	2	3553
35	41	2	2	3554
36	41	2	2	3555
37	41	2	2	3556
38	41	2	2	3557
39	41	2	2	3558
40	41	2	2	3559
41	41	2	2	3560
42	41	2	2	3561
43	41	2	2	3562
44	41	2	2	3563
45	41	2	2	3564
46	41	2	2	3565
47	41	2	2	3566
48	41	2	2	3567
49	41	2	2	3568
50	41	2	2	3569
51	41	2	2	3570
52	41	2	2	3571
53	41	2	2	3572
54	41	2	2	3573
55	41	2	2	3574
56	41	2	2	3575
57	41	2	2	3576
58	41	2	2	3577
59	41	2	2	3578
60	41	2	2	3579
61	41	2	2	3580
62	41	2	2	3581
63	41	2	2	3582
64	41	2	2	3583
65	41	2	2	3584
66	41	2	2	3585
67	41	2	2	3586
68	41	2	2	3587
69	41	2	2	3588
70	41	2	2	3589
71	41	2	2	3590
72	41	2	2	3591
73	41	2	2	3592
74	41	2	2	3593
75	41	2	2	3594
76	41	2	2	3595
77	41	2	2	3596
78	41	2	2	3597
79	41	2	2	3598
80	41	2	2	3599
81	41	2	2	3600
82	41	2	2	3601
83	41	2	2	3602
84	41	2	2	3603
85	41	2	2	3604
86	41	2	2	3605
87	41	2	2	3606
88	41	2	2	3607
1	42	2	2	3608
2	42	2	2	3609
3	42	2	2	3610
4	42	2	2	3611
5	42	2	2	3612
6	42	2	2	3613
7	42	2	2	3614
8	42	2	2	3615
9	42	2	2	3616
10	42	2	2	3617
11	42	2	2	3618
12	42	2	2	3619
13	42	2	2	3620
14	42	2	2	3621
15	42	2	2	3622
16	42	2	2	3623
17	42	2	2	3624
18	42	2	2	3625
19	42	2	2	3626
20	42	2	2	3627
21	42	2	2	3628
22	42	2	2	3629
23	42	2	2	3630
24	42	2	2	3631
25	42	2	2	3632
26	42	2	2	3633
27	42	2	2	3634
28	42	2	2	3635
29	42	2	2	3636
30	42	2	2	3637
31	42	2	2	3638
32	42	2	2	3639
33	42	2	2	3640
34	42	2	2	3641
35	42	2	2	3642
36	42	2	2	3643
37	42	2	2	3644
38	42	2	2	3645
39	42	2	2	3646
40	42	2	2	3647
41	42	2	2	3648
42	42	2	2	3649
43	42	2	2	3650
44	42	2	2	3651
45	42	2	2	3652
46	42	2	2	3653
47	42	2	2	3654
48	42	2	2	3655
49	42	2	2	3656
50	42	2	2	3657
51	42	2	2	3658
52	42	2	2	3659
53	42	2	2	3660
54	42	2	2	3661
55	42	2	2	3662
56	42	2	2	3663
57	42	2	2	3664
58	42	2	2	3665
59	42	2	2	3666
60	42	2	2	3667
61	42	2	2	3668
62	42	2	2	3669
63	42	2	2	3670
64	42	2	2	3671
65	42	2	2	3672
66	42	2	2	3673
67	42	2	2	3674
68	42	2	2	3675
69	42	2	2	3676
70	42	2	2	3677
71	42	2	2	3678
72	42	2	2	3679
73	42	2	2	3680
74	42	2	2	3681
75	42	2	2	3682
76	42	2	2	3683
77	42	2	2	3684
78	42	2	2	3685
79	42	2	2	3686
80	42	2	2	3687
81	42	2	2	3688
82	42	2	2	3689
83	42	2	2	3690
84	42	2	2	3691
85	42	2	2	3692
86	42	2	2	3693
87	42	2	2	3694
88	42	2	2	3695
1	43	2	2	3696
2	43	2	2	3697
3	43	2	2	3698
4	43	2	2	3699
5	43	2	2	3700
6	43	2	2	3701
7	43	2	2	3702
8	43	2	2	3703
9	43	2	2	3704
10	43	2	2	3705
11	43	2	2	3706
12	43	2	2	3707
13	43	2	2	3708
14	43	2	2	3709
15	43	2	2	3710
16	43	2	2	3711
17	43	2	2	3712
18	43	2	2	3713
19	43	2	2	3714
20	43	2	2	3715
21	43	2	2	3716
22	43	2	2	3717
23	43	2	2	3718
24	43	2	2	3719
25	43	2	2	3720
26	43	2	2	3721
27	43	2	2	3722
28	43	2	2	3723
29	43	2	2	3724
30	43	2	2	3725
31	43	2	2	3726
32	43	2	2	3727
33	43	2	2	3728
34	43	2	2	3729
35	43	2	2	3730
36	43	2	2	3731
37	43	2	2	3732
38	43	2	2	3733
39	43	2	2	3734
40	43	2	2	3735
41	43	2	2	3736
42	43	2	2	3737
43	43	2	2	3738
44	43	2	2	3739
45	43	2	2	3740
46	43	2	2	3741
47	43	2	2	3742
48	43	2	2	3743
49	43	2	2	3744
50	43	2	2	3745
51	43	2	2	3746
52	43	2	2	3747
53	43	2	2	3748
54	43	2	2	3749
55	43	2	2	3750
56	43	2	2	3751
57	43	2	2	3752
58	43	2	2	3753
59	43	2	2	3754
60	43	2	2	3755
61	43	2	2	3756
62	43	2	2	3757
63	43	2	2	3758
64	43	2	2	3759
65	43	2	2	3760
66	43	2	2	3761
67	43	2	2	3762
68	43	2	2	3763
69	43	2	2	3764
70	43	2	2	3765
71	43	2	2	3766
72	43	2	2	3767
73	43	2	2	3768
74	43	2	2	3769
75	43	2	2	3770
76	43	2	2	3771
77	43	2	2	3772
78	43	2	2	3773
79	43	2	2	3774
80	43	2	2	3775
81	43	2	2	3776
82	43	2	2	3777
83	43	2	2	3778
84	43	2	2	3779
85	43	2	2	3780
86	43	2	2	3781
87	43	2	2	3782
88	43	2	2	3783
1	44	2	2	3784
2	44	2	2	3785
3	44	2	2	3786
4	44	2	2	3787
5	44	2	2	3788
6	44	2	2	3789
7	44	2	2	3790
8	44	2	2	3791
9	44	2	2	3792
10	44	2	2	3793
11	44	2	2	3794
12	44	2	2	3795
13	44	2	2	3796
14	44	2	2	3797
15	44	2	2	3798
16	44	2	2	3799
17	44	2	2	3800
18	44	2	2	3801
19	44	2	2	3802
20	44	2	2	3803
21	44	2	2	3804
22	44	2	2	3805
23	44	2	2	3806
24	44	2	2	3807
25	44	2	2	3808
26	44	2	2	3809
27	44	2	2	3810
28	44	2	2	3811
29	44	2	2	3812
30	44	2	2	3813
31	44	2	2	3814
32	44	2	2	3815
33	44	2	2	3816
34	44	2	2	3817
35	44	2	2	3818
36	44	2	2	3819
37	44	2	2	3820
38	44	2	2	3821
39	44	2	2	3822
40	44	2	2	3823
41	44	2	2	3824
42	44	2	2	3825
43	44	2	2	3826
44	44	2	2	3827
45	44	2	2	3828
46	44	2	2	3829
47	44	2	2	3830
48	44	2	2	3831
49	44	2	2	3832
50	44	2	2	3833
51	44	2	2	3834
52	44	2	2	3835
53	44	2	2	3836
54	44	2	2	3837
55	44	2	2	3838
56	44	2	2	3839
57	44	2	2	3840
58	44	2	2	3841
59	44	2	2	3842
60	44	2	2	3843
61	44	2	2	3844
62	44	2	2	3845
63	44	2	2	3846
64	44	2	2	3847
65	44	2	2	3848
66	44	2	2	3849
67	44	2	2	3850
68	44	2	2	3851
69	44	2	2	3852
70	44	2	2	3853
71	44	2	2	3854
72	44	2	2	3855
73	44	2	2	3856
74	44	2	2	3857
75	44	2	2	3858
76	44	2	2	3859
77	44	2	2	3860
78	44	2	2	3861
79	44	2	2	3862
80	44	2	2	3863
81	44	2	2	3864
82	44	2	2	3865
83	44	2	2	3866
84	44	2	2	3867
85	44	2	2	3868
86	44	2	2	3869
87	44	2	2	3870
88	44	2	2	3871
1	45	2	2	3872
2	45	2	2	3873
3	45	2	2	3874
4	45	2	2	3875
5	45	2	2	3876
6	45	2	2	3877
7	45	2	2	3878
8	45	2	2	3879
9	45	2	2	3880
10	45	2	2	3881
11	45	2	2	3882
12	45	2	2	3883
13	45	2	2	3884
14	45	2	2	3885
15	45	2	2	3886
16	45	2	2	3887
17	45	2	2	3888
18	45	2	2	3889
19	45	2	2	3890
20	45	2	2	3891
21	45	2	2	3892
22	45	2	2	3893
23	45	2	2	3894
24	45	2	2	3895
25	45	2	2	3896
26	45	2	2	3897
27	45	2	2	3898
28	45	2	2	3899
29	45	2	2	3900
30	45	2	2	3901
31	45	2	2	3902
32	45	2	2	3903
33	45	2	2	3904
34	45	2	2	3905
35	45	2	2	3906
36	45	2	2	3907
37	45	2	2	3908
38	45	2	2	3909
39	45	2	2	3910
40	45	2	2	3911
41	45	2	2	3912
42	45	2	2	3913
43	45	2	2	3914
44	45	2	2	3915
45	45	2	2	3916
46	45	2	2	3917
47	45	2	2	3918
48	45	2	2	3919
49	45	2	2	3920
50	45	2	2	3921
51	45	2	2	3922
52	45	2	2	3923
53	45	2	2	3924
54	45	2	2	3925
55	45	2	2	3926
56	45	2	2	3927
57	45	2	2	3928
58	45	2	2	3929
59	45	2	2	3930
60	45	2	2	3931
61	45	2	2	3932
62	45	2	2	3933
63	45	2	2	3934
64	45	2	2	3935
65	45	2	2	3936
66	45	2	2	3937
67	45	2	2	3938
68	45	2	2	3939
69	45	2	2	3940
70	45	2	2	3941
71	45	2	2	3942
72	45	2	2	3943
73	45	2	2	3944
74	45	2	2	3945
75	45	2	2	3946
76	45	2	2	3947
77	45	2	2	3948
78	45	2	2	3949
79	45	2	2	3950
80	45	2	2	3951
81	45	2	2	3952
82	45	2	2	3953
83	45	2	2	3954
84	45	2	2	3955
85	45	2	2	3956
86	45	2	2	3957
87	45	2	2	3958
88	45	2	2	3959
1	46	2	2	3960
2	46	2	2	3961
3	46	2	2	3962
4	46	2	2	3963
5	46	2	2	3964
6	46	2	2	3965
7	46	2	2	3966
8	46	2	2	3967
9	46	2	2	3968
10	46	2	2	3969
11	46	2	2	3970
12	46	2	2	3971
13	46	2	2	3972
14	46	2	2	3973
15	46	2	2	3974
16	46	2	2	3975
17	46	2	2	3976
18	46	2	2	3977
19	46	2	2	3978
20	46	2	2	3979
21	46	2	2	3980
22	46	2	2	3981
23	46	2	2	3982
24	46	2	2	3983
25	46	2	2	3984
26	46	2	2	3985
27	46	2	2	3986
28	46	2	2	3987
29	46	2	2	3988
30	46	2	2	3989
31	46	2	2	3990
32	46	2	2	3991
33	46	2	2	3992
34	46	2	2	3993
35	46	2	2	3994
36	46	2	2	3995
37	46	2	2	3996
38	46	2	2	3997
39	46	2	2	3998
40	46	2	2	3999
41	46	2	2	4000
42	46	2	2	4001
43	46	2	2	4002
44	46	2	2	4003
45	46	2	2	4004
46	46	2	2	4005
47	46	2	2	4006
48	46	2	2	4007
49	46	2	2	4008
50	46	2	2	4009
51	46	2	2	4010
52	46	2	2	4011
53	46	2	2	4012
54	46	2	2	4013
55	46	2	2	4014
56	46	2	2	4015
57	46	2	2	4016
58	46	2	2	4017
59	46	2	2	4018
60	46	2	2	4019
61	46	2	2	4020
62	46	2	2	4021
63	46	2	2	4022
64	46	2	2	4023
65	46	2	2	4024
66	46	2	2	4025
67	46	2	2	4026
68	46	2	2	4027
69	46	2	2	4028
70	46	2	2	4029
71	46	2	2	4030
72	46	2	2	4031
73	46	2	2	4032
74	46	2	2	4033
75	46	2	2	4034
76	46	2	2	4035
77	46	2	2	4036
78	46	2	2	4037
79	46	2	2	4038
80	46	2	2	4039
81	46	2	2	4040
82	46	2	2	4041
83	46	2	2	4042
84	46	2	2	4043
85	46	2	2	4044
86	46	2	2	4045
87	46	2	2	4046
88	46	2	2	4047
1	47	2	2	4048
2	47	2	2	4049
3	47	2	2	4050
4	47	2	2	4051
5	47	2	2	4052
6	47	2	2	4053
7	47	2	2	4054
8	47	2	2	4055
9	47	2	2	4056
10	47	2	2	4057
11	47	2	2	4058
12	47	2	2	4059
13	47	2	2	4060
14	47	2	2	4061
15	47	2	2	4062
16	47	2	2	4063
17	47	2	2	4064
18	47	2	2	4065
19	47	2	2	4066
20	47	2	2	4067
21	47	2	2	4068
22	47	2	2	4069
23	47	2	2	4070
24	47	2	2	4071
25	47	2	2	4072
26	47	2	2	4073
27	47	2	2	4074
28	47	2	2	4075
29	47	2	2	4076
30	47	2	2	4077
31	47	2	2	4078
32	47	2	2	4079
33	47	2	2	4080
34	47	2	2	4081
35	47	2	2	4082
36	47	2	2	4083
37	47	2	2	4084
38	47	2	2	4085
39	47	2	2	4086
40	47	2	2	4087
41	47	2	2	4088
42	47	2	2	4089
43	47	2	2	4090
44	47	2	2	4091
45	47	2	2	4092
46	47	2	2	4093
47	47	2	2	4094
48	47	2	2	4095
49	47	2	2	4096
50	47	2	2	4097
51	47	2	2	4098
52	47	2	2	4099
53	47	2	2	4100
54	47	2	2	4101
55	47	2	2	4102
56	47	2	2	4103
57	47	2	2	4104
58	47	2	2	4105
59	47	2	2	4106
60	47	2	2	4107
61	47	2	2	4108
62	47	2	2	4109
63	47	2	2	4110
64	47	2	2	4111
65	47	2	2	4112
66	47	2	2	4113
67	47	2	2	4114
68	47	2	2	4115
69	47	2	2	4116
70	47	2	2	4117
71	47	2	2	4118
72	47	2	2	4119
73	47	2	2	4120
74	47	2	2	4121
75	47	2	2	4122
76	47	2	2	4123
77	47	2	2	4124
78	47	2	2	4125
79	47	2	2	4126
80	47	2	2	4127
81	47	2	2	4128
82	47	2	2	4129
83	47	2	2	4130
84	47	2	2	4131
85	47	2	2	4132
86	47	2	2	4133
87	47	2	2	4134
88	47	2	2	4135
1	48	2	2	4136
2	48	2	2	4137
3	48	2	2	4138
4	48	2	2	4139
5	48	2	2	4140
6	48	2	2	4141
7	48	2	2	4142
8	48	2	2	4143
9	48	2	2	4144
10	48	2	2	4145
11	48	2	2	4146
12	48	2	2	4147
13	48	2	2	4148
14	48	2	2	4149
15	48	2	2	4150
16	48	2	2	4151
17	48	2	2	4152
18	48	2	2	4153
19	48	2	2	4154
20	48	2	2	4155
21	48	2	2	4156
22	48	2	2	4157
23	48	2	2	4158
24	48	2	2	4159
25	48	2	2	4160
26	48	2	2	4161
27	48	2	2	4162
28	48	2	2	4163
29	48	2	2	4164
30	48	2	2	4165
31	48	2	2	4166
32	48	2	2	4167
33	48	2	2	4168
34	48	2	2	4169
35	48	2	2	4170
36	48	2	2	4171
37	48	2	2	4172
38	48	2	2	4173
39	48	2	2	4174
40	48	2	2	4175
41	48	2	2	4176
42	48	2	2	4177
43	48	2	2	4178
44	48	2	2	4179
45	48	2	2	4180
46	48	2	2	4181
47	48	2	2	4182
48	48	2	2	4183
49	48	2	2	4184
50	48	2	2	4185
51	48	2	2	4186
52	48	2	2	4187
53	48	2	2	4188
54	48	2	2	4189
55	48	2	2	4190
56	48	2	2	4191
57	48	2	2	4192
58	48	2	2	4193
59	48	2	2	4194
60	48	2	2	4195
61	48	2	2	4196
62	48	2	2	4197
63	48	2	2	4198
64	48	2	2	4199
65	48	2	2	4200
66	48	2	2	4201
67	48	2	2	4202
68	48	2	2	4203
69	48	2	2	4204
70	48	2	2	4205
71	48	2	2	4206
72	48	2	2	4207
73	48	2	2	4208
74	48	2	2	4209
75	48	2	2	4210
76	48	2	2	4211
77	48	2	2	4212
78	48	2	2	4213
79	48	2	2	4214
80	48	2	2	4215
81	48	2	2	4216
82	48	2	2	4217
83	48	2	2	4218
84	48	2	2	4219
85	48	2	2	4220
86	48	2	2	4221
87	48	2	2	4222
88	48	2	2	4223
1	49	2	2	4224
2	49	2	2	4225
3	49	2	2	4226
4	49	2	2	4227
5	49	2	2	4228
6	49	2	2	4229
7	49	2	2	4230
8	49	2	2	4231
9	49	2	2	4232
10	49	2	2	4233
11	49	2	2	4234
12	49	2	2	4235
13	49	2	2	4236
14	49	2	2	4237
15	49	2	2	4238
16	49	2	2	4239
17	49	2	2	4240
18	49	2	2	4241
19	49	2	2	4242
20	49	2	2	4243
21	49	2	2	4244
22	49	2	2	4245
23	49	2	2	4246
24	49	2	2	4247
25	49	2	2	4248
26	49	2	2	4249
27	49	2	2	4250
28	49	2	2	4251
29	49	2	2	4252
30	49	2	2	4253
31	49	2	2	4254
32	49	2	2	4255
33	49	2	2	4256
34	49	2	2	4257
35	49	2	2	4258
36	49	2	2	4259
37	49	2	2	4260
38	49	2	2	4261
39	49	2	2	4262
40	49	2	2	4263
41	49	2	2	4264
42	49	2	2	4265
43	49	2	2	4266
44	49	2	2	4267
45	49	2	2	4268
46	49	2	2	4269
47	49	2	2	4270
48	49	2	2	4271
49	49	2	2	4272
50	49	2	2	4273
51	49	2	2	4274
52	49	2	2	4275
53	49	2	2	4276
54	49	2	2	4277
55	49	2	2	4278
56	49	2	2	4279
57	49	2	2	4280
58	49	2	2	4281
59	49	2	2	4282
60	49	2	2	4283
61	49	2	2	4284
62	49	2	2	4285
63	49	2	2	4286
64	49	2	2	4287
65	49	2	2	4288
66	49	2	2	4289
67	49	2	2	4290
68	49	2	2	4291
69	49	2	2	4292
70	49	2	2	4293
71	49	2	2	4294
72	49	2	2	4295
73	49	2	2	4296
74	49	2	2	4297
75	49	2	2	4298
76	49	2	2	4299
77	49	2	2	4300
78	49	2	2	4301
79	49	2	2	4302
80	49	2	2	4303
81	49	2	2	4304
82	49	2	2	4305
83	49	2	2	4306
84	49	2	2	4307
85	49	2	2	4308
86	49	2	2	4309
87	49	2	2	4310
88	49	2	2	4311
1	50	2	2	4312
2	50	2	2	4313
3	50	2	2	4314
4	50	2	2	4315
5	50	2	2	4316
6	50	2	2	4317
7	50	2	2	4318
8	50	2	2	4319
9	50	2	2	4320
10	50	2	2	4321
11	50	2	2	4322
12	50	2	2	4323
13	50	2	2	4324
14	50	2	2	4325
15	50	2	2	4326
16	50	2	2	4327
17	50	2	2	4328
18	50	2	2	4329
19	50	2	2	4330
20	50	2	2	4331
21	50	2	2	4332
22	50	2	2	4333
23	50	2	2	4334
24	50	2	2	4335
25	50	2	2	4336
26	50	2	2	4337
27	50	2	2	4338
28	50	2	2	4339
29	50	2	2	4340
30	50	2	2	4341
31	50	2	2	4342
32	50	2	2	4343
33	50	2	2	4344
34	50	2	2	4345
35	50	2	2	4346
36	50	2	2	4347
37	50	2	2	4348
38	50	2	2	4349
39	50	2	2	4350
40	50	2	2	4351
41	50	2	2	4352
42	50	2	2	4353
43	50	2	2	4354
44	50	2	2	4355
45	50	2	2	4356
46	50	2	2	4357
47	50	2	2	4358
48	50	2	2	4359
49	50	2	2	4360
50	50	2	2	4361
51	50	2	2	4362
52	50	2	2	4363
53	50	2	2	4364
54	50	2	2	4365
55	50	2	2	4366
56	50	2	2	4367
57	50	2	2	4368
58	50	2	2	4369
59	50	2	2	4370
60	50	2	2	4371
61	50	2	2	4372
62	50	2	2	4373
63	50	2	2	4374
64	50	2	2	4375
65	50	2	2	4376
66	50	2	2	4377
67	50	2	2	4378
68	50	2	2	4379
69	50	2	2	4380
70	50	2	2	4381
71	50	2	2	4382
72	50	2	2	4383
73	50	2	2	4384
74	50	2	2	4385
75	50	2	2	4386
76	50	2	2	4387
77	50	2	2	4388
78	50	2	2	4389
79	50	2	2	4390
80	50	2	2	4391
81	50	2	2	4392
82	50	2	2	4393
83	50	2	2	4394
84	50	2	2	4395
85	50	2	2	4396
86	50	2	2	4397
87	50	2	2	4398
88	50	2	2	4399
1	51	2	2	4400
2	51	2	2	4401
3	51	2	2	4402
4	51	2	2	4403
5	51	2	2	4404
6	51	2	2	4405
7	51	2	2	4406
8	51	2	2	4407
9	51	2	2	4408
10	51	2	2	4409
11	51	2	2	4410
12	51	2	2	4411
13	51	2	2	4412
14	51	2	2	4413
15	51	2	2	4414
16	51	2	2	4415
17	51	2	2	4416
18	51	2	2	4417
19	51	2	2	4418
20	51	2	2	4419
21	51	2	2	4420
22	51	2	2	4421
23	51	2	2	4422
24	51	2	2	4423
25	51	2	2	4424
26	51	2	2	4425
27	51	2	2	4426
28	51	2	2	4427
29	51	2	2	4428
30	51	2	2	4429
31	51	2	2	4430
32	51	2	2	4431
33	51	2	2	4432
34	51	2	2	4433
35	51	2	2	4434
36	51	2	2	4435
37	51	2	2	4436
38	51	2	2	4437
39	51	2	2	4438
40	51	2	2	4439
41	51	2	2	4440
42	51	2	2	4441
43	51	2	2	4442
44	51	2	2	4443
45	51	2	2	4444
46	51	2	2	4445
47	51	2	2	4446
48	51	2	2	4447
49	51	2	2	4448
50	51	2	2	4449
51	51	2	2	4450
52	51	2	2	4451
53	51	2	2	4452
54	51	2	2	4453
55	51	2	2	4454
56	51	2	2	4455
57	51	2	2	4456
58	51	2	2	4457
59	51	2	2	4458
60	51	2	2	4459
61	51	2	2	4460
62	51	2	2	4461
63	51	2	2	4462
64	51	2	2	4463
65	51	2	2	4464
66	51	2	2	4465
67	51	2	2	4466
68	51	2	2	4467
69	51	2	2	4468
70	51	2	2	4469
71	51	2	2	4470
72	51	2	2	4471
73	51	2	2	4472
74	51	2	2	4473
75	51	2	2	4474
76	51	2	2	4475
77	51	2	2	4476
78	51	2	2	4477
79	51	2	2	4478
80	51	2	2	4479
81	51	2	2	4480
82	51	2	2	4481
83	51	2	2	4482
84	51	2	2	4483
85	51	2	2	4484
86	51	2	2	4485
87	51	2	2	4486
88	51	2	2	4487
1	52	2	2	4488
2	52	2	2	4489
3	52	2	2	4490
4	52	2	2	4491
5	52	2	2	4492
6	52	2	2	4493
7	52	2	2	4494
8	52	2	2	4495
9	52	2	2	4496
10	52	2	2	4497
11	52	2	2	4498
12	52	2	2	4499
13	52	2	2	4500
14	52	2	2	4501
15	52	2	2	4502
16	52	2	2	4503
17	52	2	2	4504
18	52	2	2	4505
19	52	2	2	4506
20	52	2	2	4507
21	52	2	2	4508
22	52	2	2	4509
23	52	2	2	4510
24	52	2	2	4511
25	52	2	2	4512
26	52	2	2	4513
27	52	2	2	4514
28	52	2	2	4515
29	52	2	2	4516
30	52	2	2	4517
31	52	2	2	4518
32	52	2	2	4519
33	52	2	2	4520
34	52	2	2	4521
35	52	2	2	4522
36	52	2	2	4523
37	52	2	2	4524
38	52	2	2	4525
39	52	2	2	4526
40	52	2	2	4527
41	52	2	2	4528
42	52	2	2	4529
43	52	2	2	4530
44	52	2	2	4531
45	52	2	2	4532
46	52	2	2	4533
47	52	2	2	4534
48	52	2	2	4535
49	52	2	2	4536
50	52	2	2	4537
51	52	2	2	4538
52	52	2	2	4539
53	52	2	2	4540
54	52	2	2	4541
55	52	2	2	4542
56	52	2	2	4543
57	52	2	2	4544
58	52	2	2	4545
59	52	2	2	4546
60	52	2	2	4547
61	52	2	2	4548
62	52	2	2	4549
63	52	2	2	4550
64	52	2	2	4551
65	52	2	2	4552
66	52	2	2	4553
67	52	2	2	4554
68	52	2	2	4555
69	52	2	2	4556
70	52	2	2	4557
71	52	2	2	4558
72	52	2	2	4559
73	52	2	2	4560
74	52	2	2	4561
75	52	2	2	4562
76	52	2	2	4563
77	52	2	2	4564
78	52	2	2	4565
79	52	2	2	4566
80	52	2	2	4567
81	52	2	2	4568
82	52	2	2	4569
83	52	2	2	4570
84	52	2	2	4571
85	52	2	2	4572
86	52	2	2	4573
87	52	2	2	4574
88	52	2	2	4575
1	53	2	2	4576
2	53	2	2	4577
3	53	2	2	4578
4	53	2	2	4579
5	53	2	2	4580
6	53	2	2	4581
7	53	2	2	4582
8	53	2	2	4583
9	53	2	2	4584
10	53	2	2	4585
11	53	2	2	4586
12	53	2	2	4587
13	53	2	2	4588
14	53	2	2	4589
15	53	2	2	4590
16	53	2	2	4591
17	53	2	2	4592
18	53	2	2	4593
19	53	2	2	4594
20	53	2	2	4595
21	53	2	2	4596
22	53	2	2	4597
23	53	2	2	4598
24	53	2	2	4599
25	53	2	2	4600
26	53	2	2	4601
27	53	2	2	4602
28	53	2	2	4603
29	53	2	2	4604
30	53	2	2	4605
31	53	2	2	4606
32	53	2	2	4607
33	53	2	2	4608
34	53	2	2	4609
35	53	2	2	4610
36	53	2	2	4611
37	53	2	2	4612
38	53	2	2	4613
39	53	2	2	4614
40	53	2	2	4615
41	53	2	2	4616
42	53	2	2	4617
43	53	2	2	4618
44	53	2	2	4619
45	53	2	2	4620
46	53	2	2	4621
47	53	2	2	4622
48	53	2	2	4623
49	53	2	2	4624
50	53	2	2	4625
51	53	2	2	4626
52	53	2	2	4627
53	53	2	2	4628
54	53	2	2	4629
55	53	2	2	4630
56	53	2	2	4631
57	53	2	2	4632
58	53	2	2	4633
59	53	2	2	4634
60	53	2	2	4635
61	53	2	2	4636
62	53	2	2	4637
63	53	2	2	4638
64	53	2	2	4639
65	53	2	2	4640
66	53	2	2	4641
67	53	2	2	4642
68	53	2	2	4643
69	53	2	2	4644
70	53	2	2	4645
71	53	2	2	4646
72	53	2	2	4647
73	53	2	2	4648
74	53	2	2	4649
75	53	2	2	4650
76	53	2	2	4651
77	53	2	2	4652
78	53	2	2	4653
79	53	2	2	4654
80	53	2	2	4655
81	53	2	2	4656
82	53	2	2	4657
83	53	2	2	4658
84	53	2	2	4659
85	53	2	2	4660
86	53	2	2	4661
87	53	2	2	4662
88	53	2	2	4663
1	54	2	2	4664
2	54	2	2	4665
3	54	2	2	4666
4	54	2	2	4667
5	54	2	2	4668
6	54	2	2	4669
7	54	2	2	4670
8	54	2	2	4671
9	54	2	2	4672
10	54	2	2	4673
11	54	2	2	4674
12	54	2	2	4675
13	54	2	2	4676
14	54	2	2	4677
15	54	2	2	4678
16	54	2	2	4679
17	54	2	2	4680
18	54	2	2	4681
19	54	2	2	4682
20	54	2	2	4683
21	54	2	2	4684
22	54	2	2	4685
23	54	2	2	4686
24	54	2	2	4687
25	54	2	2	4688
26	54	2	2	4689
27	54	2	2	4690
28	54	2	2	4691
29	54	2	2	4692
30	54	2	2	4693
31	54	2	2	4694
32	54	2	2	4695
33	54	2	2	4696
34	54	2	2	4697
35	54	2	2	4698
36	54	2	2	4699
37	54	2	2	4700
38	54	2	2	4701
39	54	2	2	4702
40	54	2	2	4703
41	54	2	2	4704
42	54	2	2	4705
43	54	2	2	4706
44	54	2	2	4707
45	54	2	2	4708
46	54	2	2	4709
47	54	2	2	4710
48	54	2	2	4711
49	54	2	2	4712
50	54	2	2	4713
51	54	2	2	4714
52	54	2	2	4715
53	54	2	2	4716
54	54	2	2	4717
55	54	2	2	4718
56	54	2	2	4719
57	54	2	2	4720
58	54	2	2	4721
59	54	2	2	4722
60	54	2	2	4723
61	54	2	2	4724
62	54	2	2	4725
63	54	2	2	4726
64	54	2	2	4727
65	54	2	2	4728
66	54	2	2	4729
67	54	2	2	4730
68	54	2	2	4731
69	54	2	2	4732
70	54	2	2	4733
71	54	2	2	4734
72	54	2	2	4735
73	54	2	2	4736
74	54	2	2	4737
75	54	2	2	4738
76	54	2	2	4739
77	54	2	2	4740
78	54	2	2	4741
79	54	2	2	4742
80	54	2	2	4743
81	54	2	2	4744
82	54	2	2	4745
83	54	2	2	4746
84	54	2	2	4747
85	54	2	2	4748
86	54	2	2	4749
87	54	2	2	4750
88	54	2	2	4751
1	55	2	2	4752
2	55	2	2	4753
3	55	2	2	4754
4	55	2	2	4755
5	55	2	2	4756
6	55	2	2	4757
7	55	2	2	4758
8	55	2	2	4759
9	55	2	2	4760
10	55	2	2	4761
11	55	2	2	4762
12	55	2	2	4763
13	55	2	2	4764
14	55	2	2	4765
15	55	2	2	4766
16	55	2	2	4767
17	55	2	2	4768
18	55	2	2	4769
19	55	2	2	4770
20	55	2	2	4771
21	55	2	2	4772
22	55	2	2	4773
23	55	2	2	4774
24	55	2	2	4775
25	55	2	2	4776
26	55	2	2	4777
27	55	2	2	4778
28	55	2	2	4779
29	55	2	2	4780
30	55	2	2	4781
31	55	2	2	4782
32	55	2	2	4783
33	55	2	2	4784
34	55	2	2	4785
35	55	2	2	4786
36	55	2	2	4787
37	55	2	2	4788
38	55	2	2	4789
39	55	2	2	4790
40	55	2	2	4791
41	55	2	2	4792
42	55	2	2	4793
43	55	2	2	4794
44	55	2	2	4795
45	55	2	2	4796
46	55	2	2	4797
47	55	2	2	4798
48	55	2	2	4799
49	55	2	2	4800
50	55	2	2	4801
51	55	2	2	4802
52	55	2	2	4803
53	55	2	2	4804
54	55	2	2	4805
55	55	2	2	4806
56	55	2	2	4807
57	55	2	2	4808
58	55	2	2	4809
59	55	2	2	4810
60	55	2	2	4811
61	55	2	2	4812
62	55	2	2	4813
63	55	2	2	4814
64	55	2	2	4815
65	55	2	2	4816
66	55	2	2	4817
67	55	2	2	4818
68	55	2	2	4819
69	55	2	2	4820
70	55	2	2	4821
71	55	2	2	4822
72	55	2	2	4823
73	55	2	2	4824
74	55	2	2	4825
75	55	2	2	4826
76	55	2	2	4827
77	55	2	2	4828
78	55	2	2	4829
79	55	2	2	4830
80	55	2	2	4831
81	55	2	2	4832
82	55	2	2	4833
83	55	2	2	4834
84	55	2	2	4835
85	55	2	2	4836
86	55	2	2	4837
87	55	2	2	4838
88	55	2	2	4839
1	56	2	2	4840
2	56	2	2	4841
3	56	2	2	4842
4	56	2	2	4843
5	56	2	2	4844
6	56	2	2	4845
7	56	2	2	4846
8	56	2	2	4847
9	56	2	2	4848
10	56	2	2	4849
11	56	2	2	4850
12	56	2	2	4851
13	56	2	2	4852
14	56	2	2	4853
15	56	2	2	4854
16	56	2	2	4855
17	56	2	2	4856
18	56	2	2	4857
19	56	2	2	4858
20	56	2	2	4859
21	56	2	2	4860
22	56	2	2	4861
23	56	2	2	4862
24	56	2	2	4863
25	56	2	2	4864
26	56	2	2	4865
27	56	2	2	4866
28	56	2	2	4867
29	56	2	2	4868
30	56	2	2	4869
31	56	2	2	4870
32	56	2	2	4871
33	56	2	2	4872
34	56	2	2	4873
35	56	2	2	4874
36	56	2	2	4875
37	56	2	2	4876
38	56	2	2	4877
39	56	2	2	4878
40	56	2	2	4879
41	56	2	2	4880
42	56	2	2	4881
43	56	2	2	4882
44	56	2	2	4883
45	56	2	2	4884
46	56	2	2	4885
47	56	2	2	4886
48	56	2	2	4887
49	56	2	2	4888
50	56	2	2	4889
51	56	2	2	4890
52	56	2	2	4891
53	56	2	2	4892
54	56	2	2	4893
55	56	2	2	4894
56	56	2	2	4895
57	56	2	2	4896
58	56	2	2	4897
59	56	2	2	4898
60	56	2	2	4899
61	56	2	2	4900
62	56	2	2	4901
63	56	2	2	4902
64	56	2	2	4903
65	56	2	2	4904
66	56	2	2	4905
67	56	2	2	4906
68	56	2	2	4907
69	56	2	2	4908
70	56	2	2	4909
71	56	2	2	4910
72	56	2	2	4911
73	56	2	2	4912
74	56	2	2	4913
75	56	2	2	4914
76	56	2	2	4915
77	56	2	2	4916
78	56	2	2	4917
79	56	2	2	4918
80	56	2	2	4919
81	56	2	2	4920
82	56	2	2	4921
83	56	2	2	4922
84	56	2	2	4923
85	56	2	2	4924
86	56	2	2	4925
87	56	2	2	4926
88	56	2	2	4927
1	57	2	2	4928
2	57	2	2	4929
3	57	2	2	4930
4	57	2	2	4931
5	57	2	2	4932
6	57	2	2	4933
7	57	2	2	4934
8	57	2	2	4935
9	57	2	2	4936
10	57	2	2	4937
11	57	2	2	4938
12	57	2	2	4939
13	57	2	2	4940
14	57	2	2	4941
15	57	2	2	4942
16	57	2	2	4943
17	57	2	2	4944
18	57	2	2	4945
19	57	2	2	4946
20	57	2	2	4947
21	57	2	2	4948
22	57	2	2	4949
23	57	2	2	4950
24	57	2	2	4951
25	57	2	2	4952
26	57	2	2	4953
27	57	2	2	4954
28	57	2	2	4955
29	57	2	2	4956
30	57	2	2	4957
31	57	2	2	4958
32	57	2	2	4959
33	57	2	2	4960
34	57	2	2	4961
35	57	2	2	4962
36	57	2	2	4963
37	57	2	2	4964
38	57	2	2	4965
39	57	2	2	4966
40	57	2	2	4967
41	57	2	2	4968
42	57	2	2	4969
43	57	2	2	4970
44	57	2	2	4971
45	57	2	2	4972
46	57	2	2	4973
47	57	2	2	4974
48	57	2	2	4975
49	57	2	2	4976
50	57	2	2	4977
51	57	2	2	4978
52	57	2	2	4979
53	57	2	2	4980
54	57	2	2	4981
55	57	2	2	4982
56	57	2	2	4983
57	57	2	2	4984
58	57	2	2	4985
59	57	2	2	4986
60	57	2	2	4987
61	57	2	2	4988
62	57	2	2	4989
63	57	2	2	4990
64	57	2	2	4991
65	57	2	2	4992
66	57	2	2	4993
67	57	2	2	4994
68	57	2	2	4995
69	57	2	2	4996
70	57	2	2	4997
71	57	2	2	4998
72	57	2	2	4999
73	57	2	2	5000
74	57	2	2	5001
75	57	2	2	5002
76	57	2	2	5003
77	57	2	2	5004
78	57	2	2	5005
79	57	2	2	5006
80	57	2	2	5007
81	57	2	2	5008
82	57	2	2	5009
83	57	2	2	5010
84	57	2	2	5011
85	57	2	2	5012
86	57	2	2	5013
87	57	2	2	5014
88	57	2	2	5015
1	58	2	2	5016
2	58	2	2	5017
3	58	2	2	5018
4	58	2	2	5019
5	58	2	2	5020
6	58	2	2	5021
7	58	2	2	5022
8	58	2	2	5023
9	58	2	2	5024
10	58	2	2	5025
11	58	2	2	5026
12	58	2	2	5027
13	58	2	2	5028
14	58	2	2	5029
15	58	2	2	5030
16	58	2	2	5031
17	58	2	2	5032
18	58	2	2	5033
19	58	2	2	5034
20	58	2	2	5035
21	58	2	2	5036
22	58	2	2	5037
23	58	2	2	5038
24	58	2	2	5039
25	58	2	2	5040
26	58	2	2	5041
27	58	2	2	5042
28	58	2	2	5043
29	58	2	2	5044
30	58	2	2	5045
31	58	2	2	5046
32	58	2	2	5047
33	58	2	2	5048
34	58	2	2	5049
35	58	2	2	5050
36	58	2	2	5051
37	58	2	2	5052
38	58	2	2	5053
39	58	2	2	5054
40	58	2	2	5055
41	58	2	2	5056
42	58	2	2	5057
43	58	2	2	5058
44	58	2	2	5059
45	58	2	2	5060
46	58	2	2	5061
47	58	2	2	5062
48	58	2	2	5063
49	58	2	2	5064
50	58	2	2	5065
51	58	2	2	5066
52	58	2	2	5067
53	58	2	2	5068
54	58	2	2	5069
55	58	2	2	5070
56	58	2	2	5071
57	58	2	2	5072
58	58	2	2	5073
59	58	2	2	5074
60	58	2	2	5075
61	58	2	2	5076
62	58	2	2	5077
63	58	2	2	5078
64	58	2	2	5079
65	58	2	2	5080
66	58	2	2	5081
67	58	2	2	5082
68	58	2	2	5083
69	58	2	2	5084
70	58	2	2	5085
71	58	2	2	5086
72	58	2	2	5087
73	58	2	2	5088
74	58	2	2	5089
75	58	2	2	5090
76	58	2	2	5091
77	58	2	2	5092
78	58	2	2	5093
79	58	2	2	5094
80	58	2	2	5095
81	58	2	2	5096
82	58	2	2	5097
83	58	2	2	5098
84	58	2	2	5099
85	58	2	2	5100
86	58	2	2	5101
87	58	2	2	5102
88	58	2	2	5103
1	59	2	2	5104
2	59	2	2	5105
3	59	2	2	5106
4	59	2	2	5107
5	59	2	2	5108
6	59	2	2	5109
7	59	2	2	5110
8	59	2	2	5111
9	59	2	2	5112
10	59	2	2	5113
11	59	2	2	5114
12	59	2	2	5115
13	59	2	2	5116
14	59	2	2	5117
15	59	2	2	5118
16	59	2	2	5119
17	59	2	2	5120
18	59	2	2	5121
19	59	2	2	5122
20	59	2	2	5123
21	59	2	2	5124
22	59	2	2	5125
23	59	2	2	5126
24	59	2	2	5127
25	59	2	2	5128
26	59	2	2	5129
27	59	2	2	5130
28	59	2	2	5131
29	59	2	2	5132
30	59	2	2	5133
31	59	2	2	5134
32	59	2	2	5135
33	59	2	2	5136
34	59	2	2	5137
35	59	2	2	5138
36	59	2	2	5139
37	59	2	2	5140
38	59	2	2	5141
39	59	2	2	5142
40	59	2	2	5143
41	59	2	2	5144
42	59	2	2	5145
43	59	2	2	5146
44	59	2	2	5147
45	59	2	2	5148
46	59	2	2	5149
47	59	2	2	5150
48	59	2	2	5151
49	59	2	2	5152
50	59	2	2	5153
51	59	2	2	5154
52	59	2	2	5155
53	59	2	2	5156
54	59	2	2	5157
55	59	2	2	5158
56	59	2	2	5159
57	59	2	2	5160
58	59	2	2	5161
59	59	2	2	5162
60	59	2	2	5163
61	59	2	2	5164
62	59	2	2	5165
63	59	2	2	5166
64	59	2	2	5167
65	59	2	2	5168
66	59	2	2	5169
67	59	2	2	5170
68	59	2	2	5171
69	59	2	2	5172
70	59	2	2	5173
71	59	2	2	5174
72	59	2	2	5175
73	59	2	2	5176
74	59	2	2	5177
75	59	2	2	5178
76	59	2	2	5179
77	59	2	2	5180
78	59	2	2	5181
79	59	2	2	5182
80	59	2	2	5183
81	59	2	2	5184
82	59	2	2	5185
83	59	2	2	5186
84	59	2	2	5187
85	59	2	2	5188
86	59	2	2	5189
87	59	2	2	5190
88	59	2	2	5191
1	60	2	2	5192
2	60	2	2	5193
3	60	2	2	5194
4	60	2	2	5195
5	60	2	2	5196
6	60	2	2	5197
7	60	2	2	5198
8	60	2	2	5199
9	60	2	2	5200
10	60	2	2	5201
11	60	2	2	5202
12	60	2	2	5203
13	60	2	2	5204
14	60	2	2	5205
15	60	2	2	5206
16	60	2	2	5207
17	60	2	2	5208
18	60	2	2	5209
19	60	2	2	5210
20	60	2	2	5211
21	60	2	2	5212
22	60	2	2	5213
23	60	2	2	5214
24	60	2	2	5215
25	60	2	2	5216
26	60	2	2	5217
27	60	2	2	5218
28	60	2	2	5219
29	60	2	2	5220
30	60	2	2	5221
31	60	2	2	5222
32	60	2	2	5223
33	60	2	2	5224
34	60	2	2	5225
35	60	2	2	5226
36	60	2	2	5227
37	60	2	2	5228
38	60	2	2	5229
39	60	2	2	5230
40	60	2	2	5231
41	60	2	2	5232
42	60	2	2	5233
43	60	2	2	5234
44	60	2	2	5235
45	60	2	2	5236
46	60	2	2	5237
47	60	2	2	5238
48	60	2	2	5239
49	60	2	2	5240
50	60	2	2	5241
51	60	2	2	5242
52	60	2	2	5243
53	60	2	2	5244
54	60	2	2	5245
55	60	2	2	5246
56	60	2	2	5247
57	60	2	2	5248
58	60	2	2	5249
59	60	2	2	5250
60	60	2	2	5251
61	60	2	2	5252
62	60	2	2	5253
63	60	2	2	5254
64	60	2	2	5255
65	60	2	2	5256
66	60	2	2	5257
67	60	2	2	5258
68	60	2	2	5259
69	60	2	2	5260
70	60	2	2	5261
71	60	2	2	5262
72	60	2	2	5263
73	60	2	2	5264
74	60	2	2	5265
75	60	2	2	5266
76	60	2	2	5267
77	60	2	2	5268
78	60	2	2	5269
79	60	2	2	5270
80	60	2	2	5271
81	60	2	2	5272
82	60	2	2	5273
83	60	2	2	5274
84	60	2	2	5275
85	60	2	2	5276
86	60	2	2	5277
87	60	2	2	5278
88	60	2	2	5279
