64
2080
2080
1  1  2  2  0
2  1  2  2  1
3  1  2  2  2
4  1  2  2  3
5  1  2  2  4
6  1  2  2  5
7  1  2  2  6
8  1  2  2  7
1  2  2  2  8
2  2  2  2  9
3   2   2   2  10
4   2   2   2  11
5   2   2   2  12
6   2   2   2  13
7   2   2   2  14
8   2   2   2  15
1   3   2   2  16
2   3   2   2  17
3   3   2   2  18
4   3   2   2  19
5   3   2   2  20
6   3   2   2  21
7   3   2   2  22
8   3   2   2  23
1   4   2   2  24
2   4   2   2  25
3   4   2   2  26
4   4   2   2  27
5   4   2   2  28
6   4   2   2  29
7   4   2   2  30
8   4   2   2  31
1   5   2   2  32
2   5   2   2  33
3   5   2   2  34
4   5   2   2  35
5   5   2   2  36
6   5   2   2  37
7   5   2   2  38
8   5   2   2  39
1   6   2   2  40
2   6   2   2  41
3   6   2   2  42
4   6   2   2  43
5   6   2   2  44
6   6   2   2  45
7   6   2   2  46
8   6   2   2  47
1   7   2   2  48
2   7   2   2  49
3   7   2   2  50
4   7   2   2  51
5   7   2   2  52
6   7   2   2  53
7   7   2   2  54
8   7   2   2  55
1   8   2   2  56
2   8   2   2  57
3   8   2   2  58
4   8   2   2  59
5   8   2   2  60
6   8   2   2  61
7   8   2   2  62
8   8   2   2  63
