4096
2080
2080
1 1 2 2 0
2 1 2 2 1
3 1 2 2 2
4 1 2 2 3
5 1 2 2 4
6 1 2 2 5
7 1 2 2 6
8 1 2 2 7
9 1 2 2 8
10 1 2 2 9
11 1 2 2 10
12 1 2 2 11
13 1 2 2 12
14 1 2 2 13
15 1 2 2 14
16 1 2 2 15
17 1 2 2 16
18 1 2 2 17
19 1 2 2 18
20 1 2 2 19
21 1 2 2 20
22 1 2 2 21
23 1 2 2 22
24 1 2 2 23
25 1 2 2 24
26 1 2 2 25
27 1 2 2 26
28 1 2 2 27
29 1 2 2 28
30 1 2 2 29
31 1 2 2 30
32 1 2 2 31
33 1 2 2 32
34 1 2 2 33
35 1 2 2 34
36 1 2 2 35
37 1 2 2 36
38 1 2 2 37
39 1 2 2 38
40 1 2 2 39
41 1 2 2 40
42 1 2 2 41
43 1 2 2 42
44 1 2 2 43
45 1 2 2 44
46 1 2 2 45
47 1 2 2 46
48 1 2 2 47
49 1 2 2 48
50 1 2 2 49
51 1 2 2 50
52 1 2 2 51
53 1 2 2 52
54 1 2 2 53
55 1 2 2 54
56 1 2 2 55
57 1 2 2 56
58 1 2 2 57
59 1 2 2 58
60 1 2 2 59
61 1 2 2 60
62 1 2 2 61
63 1 2 2 62
64 1 2 2 63
1 2 2 2 64
2 2 2 2 65
3 2 2 2 66
4 2 2 2 67
5 2 2 2 68
6 2 2 2 69
7 2 2 2 70
8 2 2 2 71
9 2 2 2 72
10 2 2 2 73
11 2 2 2 74
12 2 2 2 75
13 2 2 2 76
14 2 2 2 77
15 2 2 2 78
16 2 2 2 79
17 2 2 2 80
18 2 2 2 81
19 2 2 2 82
20 2 2 2 83
21 2 2 2 84
22 2 2 2 85
23 2 2 2 86
24 2 2 2 87
25 2 2 2 88
26 2 2 2 89
27 2 2 2 90
28 2 2 2 91
29 2 2 2 92
30 2 2 2 93
31 2 2 2 94
32 2 2 2 95
33 2 2 2 96
34 2 2 2 97
35 2 2 2 98
36 2 2 2 99
37 2 2 2 100
38 2 2 2 101
39 2 2 2 102
40 2 2 2 103
41 2 2 2 104
42 2 2 2 105
43 2 2 2 106
44 2 2 2 107
45 2 2 2 108
46 2 2 2 109
47 2 2 2 110
48 2 2 2 111
49 2 2 2 112
50 2 2 2 113
51 2 2 2 114
52 2 2 2 115
53 2 2 2 116
54 2 2 2 117
55 2 2 2 118
56 2 2 2 119
57 2 2 2 120
58 2 2 2 121
59 2 2 2 122
60 2 2 2 123
61 2 2 2 124
62 2 2 2 125
63 2 2 2 126
64 2 2 2 127
1 3 2 2 128
2 3 2 2 129
3 3 2 2 130
4 3 2 2 131
5 3 2 2 132
6 3 2 2 133
7 3 2 2 134
8 3 2 2 135
9 3 2 2 136
10 3 2 2 137
11 3 2 2 138
12 3 2 2 139
13 3 2 2 140
14 3 2 2 141
15 3 2 2 142
16 3 2 2 143
17 3 2 2 144
18 3 2 2 145
19 3 2 2 146
20 3 2 2 147
21 3 2 2 148
22 3 2 2 149
23 3 2 2 150
24 3 2 2 151
25 3 2 2 152
26 3 2 2 153
27 3 2 2 154
28 3 2 2 155
29 3 2 2 156
30 3 2 2 157
31 3 2 2 158
32 3 2 2 159
33 3 2 2 160
34 3 2 2 161
35 3 2 2 162
36 3 2 2 163
37 3 2 2 164
38 3 2 2 165
39 3 2 2 166
40 3 2 2 167
41 3 2 2 168
42 3 2 2 169
43 3 2 2 170
44 3 2 2 171
45 3 2 2 172
46 3 2 2 173
47 3 2 2 174
48 3 2 2 175
49 3 2 2 176
50 3 2 2 177
51 3 2 2 178
52 3 2 2 179
53 3 2 2 180
54 3 2 2 181
55 3 2 2 182
56 3 2 2 183
57 3 2 2 184
58 3 2 2 185
59 3 2 2 186
60 3 2 2 187
61 3 2 2 188
62 3 2 2 189
63 3 2 2 190
64 3 2 2 191
1 4 2 2 192
2 4 2 2 193
3 4 2 2 194
4 4 2 2 195
5 4 2 2 196
6 4 2 2 197
7 4 2 2 198
8 4 2 2 199
9 4 2 2 200
10 4 2 2 201
11 4 2 2 202
12 4 2 2 203
13 4 2 2 204
14 4 2 2 205
15 4 2 2 206
16 4 2 2 207
17 4 2 2 208
18 4 2 2 209
19 4 2 2 210
20 4 2 2 211
21 4 2 2 212
22 4 2 2 213
23 4 2 2 214
24 4 2 2 215
25 4 2 2 216
26 4 2 2 217
27 4 2 2 218
28 4 2 2 219
29 4 2 2 220
30 4 2 2 221
31 4 2 2 222
32 4 2 2 223
33 4 2 2 224
34 4 2 2 225
35 4 2 2 226
36 4 2 2 227
37 4 2 2 228
38 4 2 2 229
39 4 2 2 230
40 4 2 2 231
41 4 2 2 232
42 4 2 2 233
43 4 2 2 234
44 4 2 2 235
45 4 2 2 236
46 4 2 2 237
47 4 2 2 238
48 4 2 2 239
49 4 2 2 240
50 4 2 2 241
51 4 2 2 242
52 4 2 2 243
53 4 2 2 244
54 4 2 2 245
55 4 2 2 246
56 4 2 2 247
57 4 2 2 248
58 4 2 2 249
59 4 2 2 250
60 4 2 2 251
61 4 2 2 252
62 4 2 2 253
63 4 2 2 254
64 4 2 2 255
1 5 2 2 256
2 5 2 2 257
3 5 2 2 258
4 5 2 2 259
5 5 2 2 260
6 5 2 2 261
7 5 2 2 262
8 5 2 2 263
9 5 2 2 264
10 5 2 2 265
11 5 2 2 266
12 5 2 2 267
13 5 2 2 268
14 5 2 2 269
15 5 2 2 270
16 5 2 2 271
17 5 2 2 272
18 5 2 2 273
19 5 2 2 274
20 5 2 2 275
21 5 2 2 276
22 5 2 2 277
23 5 2 2 278
24 5 2 2 279
25 5 2 2 280
26 5 2 2 281
27 5 2 2 282
28 5 2 2 283
29 5 2 2 284
30 5 2 2 285
31 5 2 2 286
32 5 2 2 287
33 5 2 2 288
34 5 2 2 289
35 5 2 2 290
36 5 2 2 291
37 5 2 2 292
38 5 2 2 293
39 5 2 2 294
40 5 2 2 295
41 5 2 2 296
42 5 2 2 297
43 5 2 2 298
44 5 2 2 299
45 5 2 2 300
46 5 2 2 301
47 5 2 2 302
48 5 2 2 303
49 5 2 2 304
50 5 2 2 305
51 5 2 2 306
52 5 2 2 307
53 5 2 2 308
54 5 2 2 309
55 5 2 2 310
56 5 2 2 311
57 5 2 2 312
58 5 2 2 313
59 5 2 2 314
60 5 2 2 315
61 5 2 2 316
62 5 2 2 317
63 5 2 2 318
64 5 2 2 319
1 6 2 2 320
2 6 2 2 321
3 6 2 2 322
4 6 2 2 323
5 6 2 2 324
6 6 2 2 325
7 6 2 2 326
8 6 2 2 327
9 6 2 2 328
10 6 2 2 329
11 6 2 2 330
12 6 2 2 331
13 6 2 2 332
14 6 2 2 333
15 6 2 2 334
16 6 2 2 335
17 6 2 2 336
18 6 2 2 337
19 6 2 2 338
20 6 2 2 339
21 6 2 2 340
22 6 2 2 341
23 6 2 2 342
24 6 2 2 343
25 6 2 2 344
26 6 2 2 345
27 6 2 2 346
28 6 2 2 347
29 6 2 2 348
30 6 2 2 349
31 6 2 2 350
32 6 2 2 351
33 6 2 2 352
34 6 2 2 353
35 6 2 2 354
36 6 2 2 355
37 6 2 2 356
38 6 2 2 357
39 6 2 2 358
40 6 2 2 359
41 6 2 2 360
42 6 2 2 361
43 6 2 2 362
44 6 2 2 363
45 6 2 2 364
46 6 2 2 365
47 6 2 2 366
48 6 2 2 367
49 6 2 2 368
50 6 2 2 369
51 6 2 2 370
52 6 2 2 371
53 6 2 2 372
54 6 2 2 373
55 6 2 2 374
56 6 2 2 375
57 6 2 2 376
58 6 2 2 377
59 6 2 2 378
60 6 2 2 379
61 6 2 2 380
62 6 2 2 381
63 6 2 2 382
64 6 2 2 383
1 7 2 2 384
2 7 2 2 385
3 7 2 2 386
4 7 2 2 387
5 7 2 2 388
6 7 2 2 389
7 7 2 2 390
8 7 2 2 391
9 7 2 2 392
10 7 2 2 393
11 7 2 2 394
12 7 2 2 395
13 7 2 2 396
14 7 2 2 397
15 7 2 2 398
16 7 2 2 399
17 7 2 2 400
18 7 2 2 401
19 7 2 2 402
20 7 2 2 403
21 7 2 2 404
22 7 2 2 405
23 7 2 2 406
24 7 2 2 407
25 7 2 2 408
26 7 2 2 409
27 7 2 2 410
28 7 2 2 411
29 7 2 2 412
30 7 2 2 413
31 7 2 2 414
32 7 2 2 415
33 7 2 2 416
34 7 2 2 417
35 7 2 2 418
36 7 2 2 419
37 7 2 2 420
38 7 2 2 421
39 7 2 2 422
40 7 2 2 423
41 7 2 2 424
42 7 2 2 425
43 7 2 2 426
44 7 2 2 427
45 7 2 2 428
46 7 2 2 429
47 7 2 2 430
48 7 2 2 431
49 7 2 2 432
50 7 2 2 433
51 7 2 2 434
52 7 2 2 435
53 7 2 2 436
54 7 2 2 437
55 7 2 2 438
56 7 2 2 439
57 7 2 2 440
58 7 2 2 441
59 7 2 2 442
60 7 2 2 443
61 7 2 2 444
62 7 2 2 445
63 7 2 2 446
64 7 2 2 447
1 8 2 2 448
2 8 2 2 449
3 8 2 2 450
4 8 2 2 451
5 8 2 2 452
6 8 2 2 453
7 8 2 2 454
8 8 2 2 455
9 8 2 2 456
10 8 2 2 457
11 8 2 2 458
12 8 2 2 459
13 8 2 2 460
14 8 2 2 461
15 8 2 2 462
16 8 2 2 463
17 8 2 2 464
18 8 2 2 465
19 8 2 2 466
20 8 2 2 467
21 8 2 2 468
22 8 2 2 469
23 8 2 2 470
24 8 2 2 471
25 8 2 2 472
26 8 2 2 473
27 8 2 2 474
28 8 2 2 475
29 8 2 2 476
30 8 2 2 477
31 8 2 2 478
32 8 2 2 479
33 8 2 2 480
34 8 2 2 481
35 8 2 2 482
36 8 2 2 483
37 8 2 2 484
38 8 2 2 485
39 8 2 2 486
40 8 2 2 487
41 8 2 2 488
42 8 2 2 489
43 8 2 2 490
44 8 2 2 491
45 8 2 2 492
46 8 2 2 493
47 8 2 2 494
48 8 2 2 495
49 8 2 2 496
50 8 2 2 497
51 8 2 2 498
52 8 2 2 499
53 8 2 2 500
54 8 2 2 501
55 8 2 2 502
56 8 2 2 503
57 8 2 2 504
58 8 2 2 505
59 8 2 2 506
60 8 2 2 507
61 8 2 2 508
62 8 2 2 509
63 8 2 2 510
64 8 2 2 511
1 9 2 2 512
2 9 2 2 513
3 9 2 2 514
4 9 2 2 515
5 9 2 2 516
6 9 2 2 517
7 9 2 2 518
8 9 2 2 519
9 9 2 2 520
10 9 2 2 521
11 9 2 2 522
12 9 2 2 523
13 9 2 2 524
14 9 2 2 525
15 9 2 2 526
16 9 2 2 527
17 9 2 2 528
18 9 2 2 529
19 9 2 2 530
20 9 2 2 531
21 9 2 2 532
22 9 2 2 533
23 9 2 2 534
24 9 2 2 535
25 9 2 2 536
26 9 2 2 537
27 9 2 2 538
28 9 2 2 539
29 9 2 2 540
30 9 2 2 541
31 9 2 2 542
32 9 2 2 543
33 9 2 2 544
34 9 2 2 545
35 9 2 2 546
36 9 2 2 547
37 9 2 2 548
38 9 2 2 549
39 9 2 2 550
40 9 2 2 551
41 9 2 2 552
42 9 2 2 553
43 9 2 2 554
44 9 2 2 555
45 9 2 2 556
46 9 2 2 557
47 9 2 2 558
48 9 2 2 559
49 9 2 2 560
50 9 2 2 561
51 9 2 2 562
52 9 2 2 563
53 9 2 2 564
54 9 2 2 565
55 9 2 2 566
56 9 2 2 567
57 9 2 2 568
58 9 2 2 569
59 9 2 2 570
60 9 2 2 571
61 9 2 2 572
62 9 2 2 573
63 9 2 2 574
64 9 2 2 575
1 10 2 2 576
2 10 2 2 577
3 10 2 2 578
4 10 2 2 579
5 10 2 2 580
6 10 2 2 581
7 10 2 2 582
8 10 2 2 583
9 10 2 2 584
10 10 2 2 585
11 10 2 2 586
12 10 2 2 587
13 10 2 2 588
14 10 2 2 589
15 10 2 2 590
16 10 2 2 591
17 10 2 2 592
18 10 2 2 593
19 10 2 2 594
20 10 2 2 595
21 10 2 2 596
22 10 2 2 597
23 10 2 2 598
24 10 2 2 599
25 10 2 2 600
26 10 2 2 601
27 10 2 2 602
28 10 2 2 603
29 10 2 2 604
30 10 2 2 605
31 10 2 2 606
32 10 2 2 607
33 10 2 2 608
34 10 2 2 609
35 10 2 2 610
36 10 2 2 611
37 10 2 2 612
38 10 2 2 613
39 10 2 2 614
40 10 2 2 615
41 10 2 2 616
42 10 2 2 617
43 10 2 2 618
44 10 2 2 619
45 10 2 2 620
46 10 2 2 621
47 10 2 2 622
48 10 2 2 623
49 10 2 2 624
50 10 2 2 625
51 10 2 2 626
52 10 2 2 627
53 10 2 2 628
54 10 2 2 629
55 10 2 2 630
56 10 2 2 631
57 10 2 2 632
58 10 2 2 633
59 10 2 2 634
60 10 2 2 635
61 10 2 2 636
62 10 2 2 637
63 10 2 2 638
64 10 2 2 639
1 11 2 2 640
2 11 2 2 641
3 11 2 2 642
4 11 2 2 643
5 11 2 2 644
6 11 2 2 645
7 11 2 2 646
8 11 2 2 647
9 11 2 2 648
10 11 2 2 649
11 11 2 2 650
12 11 2 2 651
13 11 2 2 652
14 11 2 2 653
15 11 2 2 654
16 11 2 2 655
17 11 2 2 656
18 11 2 2 657
19 11 2 2 658
20 11 2 2 659
21 11 2 2 660
22 11 2 2 661
23 11 2 2 662
24 11 2 2 663
25 11 2 2 664
26 11 2 2 665
27 11 2 2 666
28 11 2 2 667
29 11 2 2 668
30 11 2 2 669
31 11 2 2 670
32 11 2 2 671
33 11 2 2 672
34 11 2 2 673
35 11 2 2 674
36 11 2 2 675
37 11 2 2 676
38 11 2 2 677
39 11 2 2 678
40 11 2 2 679
41 11 2 2 680
42 11 2 2 681
43 11 2 2 682
44 11 2 2 683
45 11 2 2 684
46 11 2 2 685
47 11 2 2 686
48 11 2 2 687
49 11 2 2 688
50 11 2 2 689
51 11 2 2 690
52 11 2 2 691
53 11 2 2 692
54 11 2 2 693
55 11 2 2 694
56 11 2 2 695
57 11 2 2 696
58 11 2 2 697
59 11 2 2 698
60 11 2 2 699
61 11 2 2 700
62 11 2 2 701
63 11 2 2 702
64 11 2 2 703
1 12 2 2 704
2 12 2 2 705
3 12 2 2 706
4 12 2 2 707
5 12 2 2 708
6 12 2 2 709
7 12 2 2 710
8 12 2 2 711
9 12 2 2 712
10 12 2 2 713
11 12 2 2 714
12 12 2 2 715
13 12 2 2 716
14 12 2 2 717
15 12 2 2 718
16 12 2 2 719
17 12 2 2 720
18 12 2 2 721
19 12 2 2 722
20 12 2 2 723
21 12 2 2 724
22 12 2 2 725
23 12 2 2 726
24 12 2 2 727
25 12 2 2 728
26 12 2 2 729
27 12 2 2 730
28 12 2 2 731
29 12 2 2 732
30 12 2 2 733
31 12 2 2 734
32 12 2 2 735
33 12 2 2 736
34 12 2 2 737
35 12 2 2 738
36 12 2 2 739
37 12 2 2 740
38 12 2 2 741
39 12 2 2 742
40 12 2 2 743
41 12 2 2 744
42 12 2 2 745
43 12 2 2 746
44 12 2 2 747
45 12 2 2 748
46 12 2 2 749
47 12 2 2 750
48 12 2 2 751
49 12 2 2 752
50 12 2 2 753
51 12 2 2 754
52 12 2 2 755
53 12 2 2 756
54 12 2 2 757
55 12 2 2 758
56 12 2 2 759
57 12 2 2 760
58 12 2 2 761
59 12 2 2 762
60 12 2 2 763
61 12 2 2 764
62 12 2 2 765
63 12 2 2 766
64 12 2 2 767
1 13 2 2 768
2 13 2 2 769
3 13 2 2 770
4 13 2 2 771
5 13 2 2 772
6 13 2 2 773
7 13 2 2 774
8 13 2 2 775
9 13 2 2 776
10 13 2 2 777
11 13 2 2 778
12 13 2 2 779
13 13 2 2 780
14 13 2 2 781
15 13 2 2 782
16 13 2 2 783
17 13 2 2 784
18 13 2 2 785
19 13 2 2 786
20 13 2 2 787
21 13 2 2 788
22 13 2 2 789
23 13 2 2 790
24 13 2 2 791
25 13 2 2 792
26 13 2 2 793
27 13 2 2 794
28 13 2 2 795
29 13 2 2 796
30 13 2 2 797
31 13 2 2 798
32 13 2 2 799
33 13 2 2 800
34 13 2 2 801
35 13 2 2 802
36 13 2 2 803
37 13 2 2 804
38 13 2 2 805
39 13 2 2 806
40 13 2 2 807
41 13 2 2 808
42 13 2 2 809
43 13 2 2 810
44 13 2 2 811
45 13 2 2 812
46 13 2 2 813
47 13 2 2 814
48 13 2 2 815
49 13 2 2 816
50 13 2 2 817
51 13 2 2 818
52 13 2 2 819
53 13 2 2 820
54 13 2 2 821
55 13 2 2 822
56 13 2 2 823
57 13 2 2 824
58 13 2 2 825
59 13 2 2 826
60 13 2 2 827
61 13 2 2 828
62 13 2 2 829
63 13 2 2 830
64 13 2 2 831
1 14 2 2 832
2 14 2 2 833
3 14 2 2 834
4 14 2 2 835
5 14 2 2 836
6 14 2 2 837
7 14 2 2 838
8 14 2 2 839
9 14 2 2 840
10 14 2 2 841
11 14 2 2 842
12 14 2 2 843
13 14 2 2 844
14 14 2 2 845
15 14 2 2 846
16 14 2 2 847
17 14 2 2 848
18 14 2 2 849
19 14 2 2 850
20 14 2 2 851
21 14 2 2 852
22 14 2 2 853
23 14 2 2 854
24 14 2 2 855
25 14 2 2 856
26 14 2 2 857
27 14 2 2 858
28 14 2 2 859
29 14 2 2 860
30 14 2 2 861
31 14 2 2 862
32 14 2 2 863
33 14 2 2 864
34 14 2 2 865
35 14 2 2 866
36 14 2 2 867
37 14 2 2 868
38 14 2 2 869
39 14 2 2 870
40 14 2 2 871
41 14 2 2 872
42 14 2 2 873
43 14 2 2 874
44 14 2 2 875
45 14 2 2 876
46 14 2 2 877
47 14 2 2 878
48 14 2 2 879
49 14 2 2 880
50 14 2 2 881
51 14 2 2 882
52 14 2 2 883
53 14 2 2 884
54 14 2 2 885
55 14 2 2 886
56 14 2 2 887
57 14 2 2 888
58 14 2 2 889
59 14 2 2 890
60 14 2 2 891
61 14 2 2 892
62 14 2 2 893
63 14 2 2 894
64 14 2 2 895
1 15 2 2 896
2 15 2 2 897
3 15 2 2 898
4 15 2 2 899
5 15 2 2 900
6 15 2 2 901
7 15 2 2 902
8 15 2 2 903
9 15 2 2 904
10 15 2 2 905
11 15 2 2 906
12 15 2 2 907
13 15 2 2 908
14 15 2 2 909
15 15 2 2 910
16 15 2 2 911
17 15 2 2 912
18 15 2 2 913
19 15 2 2 914
20 15 2 2 915
21 15 2 2 916
22 15 2 2 917
23 15 2 2 918
24 15 2 2 919
25 15 2 2 920
26 15 2 2 921
27 15 2 2 922
28 15 2 2 923
29 15 2 2 924
30 15 2 2 925
31 15 2 2 926
32 15 2 2 927
33 15 2 2 928
34 15 2 2 929
35 15 2 2 930
36 15 2 2 931
37 15 2 2 932
38 15 2 2 933
39 15 2 2 934
40 15 2 2 935
41 15 2 2 936
42 15 2 2 937
43 15 2 2 938
44 15 2 2 939
45 15 2 2 940
46 15 2 2 941
47 15 2 2 942
48 15 2 2 943
49 15 2 2 944
50 15 2 2 945
51 15 2 2 946
52 15 2 2 947
53 15 2 2 948
54 15 2 2 949
55 15 2 2 950
56 15 2 2 951
57 15 2 2 952
58 15 2 2 953
59 15 2 2 954
60 15 2 2 955
61 15 2 2 956
62 15 2 2 957
63 15 2 2 958
64 15 2 2 959
1 16 2 2 960
2 16 2 2 961
3 16 2 2 962
4 16 2 2 963
5 16 2 2 964
6 16 2 2 965
7 16 2 2 966
8 16 2 2 967
9 16 2 2 968
10 16 2 2 969
11 16 2 2 970
12 16 2 2 971
13 16 2 2 972
14 16 2 2 973
15 16 2 2 974
16 16 2 2 975
17 16 2 2 976
18 16 2 2 977
19 16 2 2 978
20 16 2 2 979
21 16 2 2 980
22 16 2 2 981
23 16 2 2 982
24 16 2 2 983
25 16 2 2 984
26 16 2 2 985
27 16 2 2 986
28 16 2 2 987
29 16 2 2 988
30 16 2 2 989
31 16 2 2 990
32 16 2 2 991
33 16 2 2 992
34 16 2 2 993
35 16 2 2 994
36 16 2 2 995
37 16 2 2 996
38 16 2 2 997
39 16 2 2 998
40 16 2 2 999
41 16 2 2 1000
42 16 2 2 1001
43 16 2 2 1002
44 16 2 2 1003
45 16 2 2 1004
46 16 2 2 1005
47 16 2 2 1006
48 16 2 2 1007
49 16 2 2 1008
50 16 2 2 1009
51 16 2 2 1010
52 16 2 2 1011
53 16 2 2 1012
54 16 2 2 1013
55 16 2 2 1014
56 16 2 2 1015
57 16 2 2 1016
58 16 2 2 1017
59 16 2 2 1018
60 16 2 2 1019
61 16 2 2 1020
62 16 2 2 1021
63 16 2 2 1022
64 16 2 2 1023
1 17 2 2 1024
2 17 2 2 1025
3 17 2 2 1026
4 17 2 2 1027
5 17 2 2 1028
6 17 2 2 1029
7 17 2 2 1030
8 17 2 2 1031
9 17 2 2 1032
10 17 2 2 1033
11 17 2 2 1034
12 17 2 2 1035
13 17 2 2 1036
14 17 2 2 1037
15 17 2 2 1038
16 17 2 2 1039
17 17 2 2 1040
18 17 2 2 1041
19 17 2 2 1042
20 17 2 2 1043
21 17 2 2 1044
22 17 2 2 1045
23 17 2 2 1046
24 17 2 2 1047
25 17 2 2 1048
26 17 2 2 1049
27 17 2 2 1050
28 17 2 2 1051
29 17 2 2 1052
30 17 2 2 1053
31 17 2 2 1054
32 17 2 2 1055
33 17 2 2 1056
34 17 2 2 1057
35 17 2 2 1058
36 17 2 2 1059
37 17 2 2 1060
38 17 2 2 1061
39 17 2 2 1062
40 17 2 2 1063
41 17 2 2 1064
42 17 2 2 1065
43 17 2 2 1066
44 17 2 2 1067
45 17 2 2 1068
46 17 2 2 1069
47 17 2 2 1070
48 17 2 2 1071
49 17 2 2 1072
50 17 2 2 1073
51 17 2 2 1074
52 17 2 2 1075
53 17 2 2 1076
54 17 2 2 1077
55 17 2 2 1078
56 17 2 2 1079
57 17 2 2 1080
58 17 2 2 1081
59 17 2 2 1082
60 17 2 2 1083
61 17 2 2 1084
62 17 2 2 1085
63 17 2 2 1086
64 17 2 2 1087
1 18 2 2 1088
2 18 2 2 1089
3 18 2 2 1090
4 18 2 2 1091
5 18 2 2 1092
6 18 2 2 1093
7 18 2 2 1094
8 18 2 2 1095
9 18 2 2 1096
10 18 2 2 1097
11 18 2 2 1098
12 18 2 2 1099
13 18 2 2 1100
14 18 2 2 1101
15 18 2 2 1102
16 18 2 2 1103
17 18 2 2 1104
18 18 2 2 1105
19 18 2 2 1106
20 18 2 2 1107
21 18 2 2 1108
22 18 2 2 1109
23 18 2 2 1110
24 18 2 2 1111
25 18 2 2 1112
26 18 2 2 1113
27 18 2 2 1114
28 18 2 2 1115
29 18 2 2 1116
30 18 2 2 1117
31 18 2 2 1118
32 18 2 2 1119
33 18 2 2 1120
34 18 2 2 1121
35 18 2 2 1122
36 18 2 2 1123
37 18 2 2 1124
38 18 2 2 1125
39 18 2 2 1126
40 18 2 2 1127
41 18 2 2 1128
42 18 2 2 1129
43 18 2 2 1130
44 18 2 2 1131
45 18 2 2 1132
46 18 2 2 1133
47 18 2 2 1134
48 18 2 2 1135
49 18 2 2 1136
50 18 2 2 1137
51 18 2 2 1138
52 18 2 2 1139
53 18 2 2 1140
54 18 2 2 1141
55 18 2 2 1142
56 18 2 2 1143
57 18 2 2 1144
58 18 2 2 1145
59 18 2 2 1146
60 18 2 2 1147
61 18 2 2 1148
62 18 2 2 1149
63 18 2 2 1150
64 18 2 2 1151
1 19 2 2 1152
2 19 2 2 1153
3 19 2 2 1154
4 19 2 2 1155
5 19 2 2 1156
6 19 2 2 1157
7 19 2 2 1158
8 19 2 2 1159
9 19 2 2 1160
10 19 2 2 1161
11 19 2 2 1162
12 19 2 2 1163
13 19 2 2 1164
14 19 2 2 1165
15 19 2 2 1166
16 19 2 2 1167
17 19 2 2 1168
18 19 2 2 1169
19 19 2 2 1170
20 19 2 2 1171
21 19 2 2 1172
22 19 2 2 1173
23 19 2 2 1174
24 19 2 2 1175
25 19 2 2 1176
26 19 2 2 1177
27 19 2 2 1178
28 19 2 2 1179
29 19 2 2 1180
30 19 2 2 1181
31 19 2 2 1182
32 19 2 2 1183
33 19 2 2 1184
34 19 2 2 1185
35 19 2 2 1186
36 19 2 2 1187
37 19 2 2 1188
38 19 2 2 1189
39 19 2 2 1190
40 19 2 2 1191
41 19 2 2 1192
42 19 2 2 1193
43 19 2 2 1194
44 19 2 2 1195
45 19 2 2 1196
46 19 2 2 1197
47 19 2 2 1198
48 19 2 2 1199
49 19 2 2 1200
50 19 2 2 1201
51 19 2 2 1202
52 19 2 2 1203
53 19 2 2 1204
54 19 2 2 1205
55 19 2 2 1206
56 19 2 2 1207
57 19 2 2 1208
58 19 2 2 1209
59 19 2 2 1210
60 19 2 2 1211
61 19 2 2 1212
62 19 2 2 1213
63 19 2 2 1214
64 19 2 2 1215
1 20 2 2 1216
2 20 2 2 1217
3 20 2 2 1218
4 20 2 2 1219
5 20 2 2 1220
6 20 2 2 1221
7 20 2 2 1222
8 20 2 2 1223
9 20 2 2 1224
10 20 2 2 1225
11 20 2 2 1226
12 20 2 2 1227
13 20 2 2 1228
14 20 2 2 1229
15 20 2 2 1230
16 20 2 2 1231
17 20 2 2 1232
18 20 2 2 1233
19 20 2 2 1234
20 20 2 2 1235
21 20 2 2 1236
22 20 2 2 1237
23 20 2 2 1238
24 20 2 2 1239
25 20 2 2 1240
26 20 2 2 1241
27 20 2 2 1242
28 20 2 2 1243
29 20 2 2 1244
30 20 2 2 1245
31 20 2 2 1246
32 20 2 2 1247
33 20 2 2 1248
34 20 2 2 1249
35 20 2 2 1250
36 20 2 2 1251
37 20 2 2 1252
38 20 2 2 1253
39 20 2 2 1254
40 20 2 2 1255
41 20 2 2 1256
42 20 2 2 1257
43 20 2 2 1258
44 20 2 2 1259
45 20 2 2 1260
46 20 2 2 1261
47 20 2 2 1262
48 20 2 2 1263
49 20 2 2 1264
50 20 2 2 1265
51 20 2 2 1266
52 20 2 2 1267
53 20 2 2 1268
54 20 2 2 1269
55 20 2 2 1270
56 20 2 2 1271
57 20 2 2 1272
58 20 2 2 1273
59 20 2 2 1274
60 20 2 2 1275
61 20 2 2 1276
62 20 2 2 1277
63 20 2 2 1278
64 20 2 2 1279
1 21 2 2 1280
2 21 2 2 1281
3 21 2 2 1282
4 21 2 2 1283
5 21 2 2 1284
6 21 2 2 1285
7 21 2 2 1286
8 21 2 2 1287
9 21 2 2 1288
10 21 2 2 1289
11 21 2 2 1290
12 21 2 2 1291
13 21 2 2 1292
14 21 2 2 1293
15 21 2 2 1294
16 21 2 2 1295
17 21 2 2 1296
18 21 2 2 1297
19 21 2 2 1298
20 21 2 2 1299
21 21 2 2 1300
22 21 2 2 1301
23 21 2 2 1302
24 21 2 2 1303
25 21 2 2 1304
26 21 2 2 1305
27 21 2 2 1306
28 21 2 2 1307
29 21 2 2 1308
30 21 2 2 1309
31 21 2 2 1310
32 21 2 2 1311
33 21 2 2 1312
34 21 2 2 1313
35 21 2 2 1314
36 21 2 2 1315
37 21 2 2 1316
38 21 2 2 1317
39 21 2 2 1318
40 21 2 2 1319
41 21 2 2 1320
42 21 2 2 1321
43 21 2 2 1322
44 21 2 2 1323
45 21 2 2 1324
46 21 2 2 1325
47 21 2 2 1326
48 21 2 2 1327
49 21 2 2 1328
50 21 2 2 1329
51 21 2 2 1330
52 21 2 2 1331
53 21 2 2 1332
54 21 2 2 1333
55 21 2 2 1334
56 21 2 2 1335
57 21 2 2 1336
58 21 2 2 1337
59 21 2 2 1338
60 21 2 2 1339
61 21 2 2 1340
62 21 2 2 1341
63 21 2 2 1342
64 21 2 2 1343
1 22 2 2 1344
2 22 2 2 1345
3 22 2 2 1346
4 22 2 2 1347
5 22 2 2 1348
6 22 2 2 1349
7 22 2 2 1350
8 22 2 2 1351
9 22 2 2 1352
10 22 2 2 1353
11 22 2 2 1354
12 22 2 2 1355
13 22 2 2 1356
14 22 2 2 1357
15 22 2 2 1358
16 22 2 2 1359
17 22 2 2 1360
18 22 2 2 1361
19 22 2 2 1362
20 22 2 2 1363
21 22 2 2 1364
22 22 2 2 1365
23 22 2 2 1366
24 22 2 2 1367
25 22 2 2 1368
26 22 2 2 1369
27 22 2 2 1370
28 22 2 2 1371
29 22 2 2 1372
30 22 2 2 1373
31 22 2 2 1374
32 22 2 2 1375
33 22 2 2 1376
34 22 2 2 1377
35 22 2 2 1378
36 22 2 2 1379
37 22 2 2 1380
38 22 2 2 1381
39 22 2 2 1382
40 22 2 2 1383
41 22 2 2 1384
42 22 2 2 1385
43 22 2 2 1386
44 22 2 2 1387
45 22 2 2 1388
46 22 2 2 1389
47 22 2 2 1390
48 22 2 2 1391
49 22 2 2 1392
50 22 2 2 1393
51 22 2 2 1394
52 22 2 2 1395
53 22 2 2 1396
54 22 2 2 1397
55 22 2 2 1398
56 22 2 2 1399
57 22 2 2 1400
58 22 2 2 1401
59 22 2 2 1402
60 22 2 2 1403
61 22 2 2 1404
62 22 2 2 1405
63 22 2 2 1406
64 22 2 2 1407
1 23 2 2 1408
2 23 2 2 1409
3 23 2 2 1410
4 23 2 2 1411
5 23 2 2 1412
6 23 2 2 1413
7 23 2 2 1414
8 23 2 2 1415
9 23 2 2 1416
10 23 2 2 1417
11 23 2 2 1418
12 23 2 2 1419
13 23 2 2 1420
14 23 2 2 1421
15 23 2 2 1422
16 23 2 2 1423
17 23 2 2 1424
18 23 2 2 1425
19 23 2 2 1426
20 23 2 2 1427
21 23 2 2 1428
22 23 2 2 1429
23 23 2 2 1430
24 23 2 2 1431
25 23 2 2 1432
26 23 2 2 1433
27 23 2 2 1434
28 23 2 2 1435
29 23 2 2 1436
30 23 2 2 1437
31 23 2 2 1438
32 23 2 2 1439
33 23 2 2 1440
34 23 2 2 1441
35 23 2 2 1442
36 23 2 2 1443
37 23 2 2 1444
38 23 2 2 1445
39 23 2 2 1446
40 23 2 2 1447
41 23 2 2 1448
42 23 2 2 1449
43 23 2 2 1450
44 23 2 2 1451
45 23 2 2 1452
46 23 2 2 1453
47 23 2 2 1454
48 23 2 2 1455
49 23 2 2 1456
50 23 2 2 1457
51 23 2 2 1458
52 23 2 2 1459
53 23 2 2 1460
54 23 2 2 1461
55 23 2 2 1462
56 23 2 2 1463
57 23 2 2 1464
58 23 2 2 1465
59 23 2 2 1466
60 23 2 2 1467
61 23 2 2 1468
62 23 2 2 1469
63 23 2 2 1470
64 23 2 2 1471
1 24 2 2 1472
2 24 2 2 1473
3 24 2 2 1474
4 24 2 2 1475
5 24 2 2 1476
6 24 2 2 1477
7 24 2 2 1478
8 24 2 2 1479
9 24 2 2 1480
10 24 2 2 1481
11 24 2 2 1482
12 24 2 2 1483
13 24 2 2 1484
14 24 2 2 1485
15 24 2 2 1486
16 24 2 2 1487
17 24 2 2 1488
18 24 2 2 1489
19 24 2 2 1490
20 24 2 2 1491
21 24 2 2 1492
22 24 2 2 1493
23 24 2 2 1494
24 24 2 2 1495
25 24 2 2 1496
26 24 2 2 1497
27 24 2 2 1498
28 24 2 2 1499
29 24 2 2 1500
30 24 2 2 1501
31 24 2 2 1502
32 24 2 2 1503
33 24 2 2 1504
34 24 2 2 1505
35 24 2 2 1506
36 24 2 2 1507
37 24 2 2 1508
38 24 2 2 1509
39 24 2 2 1510
40 24 2 2 1511
41 24 2 2 1512
42 24 2 2 1513
43 24 2 2 1514
44 24 2 2 1515
45 24 2 2 1516
46 24 2 2 1517
47 24 2 2 1518
48 24 2 2 1519
49 24 2 2 1520
50 24 2 2 1521
51 24 2 2 1522
52 24 2 2 1523
53 24 2 2 1524
54 24 2 2 1525
55 24 2 2 1526
56 24 2 2 1527
57 24 2 2 1528
58 24 2 2 1529
59 24 2 2 1530
60 24 2 2 1531
61 24 2 2 1532
62 24 2 2 1533
63 24 2 2 1534
64 24 2 2 1535
1 25 2 2 1536
2 25 2 2 1537
3 25 2 2 1538
4 25 2 2 1539
5 25 2 2 1540
6 25 2 2 1541
7 25 2 2 1542
8 25 2 2 1543
9 25 2 2 1544
10 25 2 2 1545
11 25 2 2 1546
12 25 2 2 1547
13 25 2 2 1548
14 25 2 2 1549
15 25 2 2 1550
16 25 2 2 1551
17 25 2 2 1552
18 25 2 2 1553
19 25 2 2 1554
20 25 2 2 1555
21 25 2 2 1556
22 25 2 2 1557
23 25 2 2 1558
24 25 2 2 1559
25 25 2 2 1560
26 25 2 2 1561
27 25 2 2 1562
28 25 2 2 1563
29 25 2 2 1564
30 25 2 2 1565
31 25 2 2 1566
32 25 2 2 1567
33 25 2 2 1568
34 25 2 2 1569
35 25 2 2 1570
36 25 2 2 1571
37 25 2 2 1572
38 25 2 2 1573
39 25 2 2 1574
40 25 2 2 1575
41 25 2 2 1576
42 25 2 2 1577
43 25 2 2 1578
44 25 2 2 1579
45 25 2 2 1580
46 25 2 2 1581
47 25 2 2 1582
48 25 2 2 1583
49 25 2 2 1584
50 25 2 2 1585
51 25 2 2 1586
52 25 2 2 1587
53 25 2 2 1588
54 25 2 2 1589
55 25 2 2 1590
56 25 2 2 1591
57 25 2 2 1592
58 25 2 2 1593
59 25 2 2 1594
60 25 2 2 1595
61 25 2 2 1596
62 25 2 2 1597
63 25 2 2 1598
64 25 2 2 1599
1 26 2 2 1600
2 26 2 2 1601
3 26 2 2 1602
4 26 2 2 1603
5 26 2 2 1604
6 26 2 2 1605
7 26 2 2 1606
8 26 2 2 1607
9 26 2 2 1608
10 26 2 2 1609
11 26 2 2 1610
12 26 2 2 1611
13 26 2 2 1612
14 26 2 2 1613
15 26 2 2 1614
16 26 2 2 1615
17 26 2 2 1616
18 26 2 2 1617
19 26 2 2 1618
20 26 2 2 1619
21 26 2 2 1620
22 26 2 2 1621
23 26 2 2 1622
24 26 2 2 1623
25 26 2 2 1624
26 26 2 2 1625
27 26 2 2 1626
28 26 2 2 1627
29 26 2 2 1628
30 26 2 2 1629
31 26 2 2 1630
32 26 2 2 1631
33 26 2 2 1632
34 26 2 2 1633
35 26 2 2 1634
36 26 2 2 1635
37 26 2 2 1636
38 26 2 2 1637
39 26 2 2 1638
40 26 2 2 1639
41 26 2 2 1640
42 26 2 2 1641
43 26 2 2 1642
44 26 2 2 1643
45 26 2 2 1644
46 26 2 2 1645
47 26 2 2 1646
48 26 2 2 1647
49 26 2 2 1648
50 26 2 2 1649
51 26 2 2 1650
52 26 2 2 1651
53 26 2 2 1652
54 26 2 2 1653
55 26 2 2 1654
56 26 2 2 1655
57 26 2 2 1656
58 26 2 2 1657
59 26 2 2 1658
60 26 2 2 1659
61 26 2 2 1660
62 26 2 2 1661
63 26 2 2 1662
64 26 2 2 1663
1 27 2 2 1664
2 27 2 2 1665
3 27 2 2 1666
4 27 2 2 1667
5 27 2 2 1668
6 27 2 2 1669
7 27 2 2 1670
8 27 2 2 1671
9 27 2 2 1672
10 27 2 2 1673
11 27 2 2 1674
12 27 2 2 1675
13 27 2 2 1676
14 27 2 2 1677
15 27 2 2 1678
16 27 2 2 1679
17 27 2 2 1680
18 27 2 2 1681
19 27 2 2 1682
20 27 2 2 1683
21 27 2 2 1684
22 27 2 2 1685
23 27 2 2 1686
24 27 2 2 1687
25 27 2 2 1688
26 27 2 2 1689
27 27 2 2 1690
28 27 2 2 1691
29 27 2 2 1692
30 27 2 2 1693
31 27 2 2 1694
32 27 2 2 1695
33 27 2 2 1696
34 27 2 2 1697
35 27 2 2 1698
36 27 2 2 1699
37 27 2 2 1700
38 27 2 2 1701
39 27 2 2 1702
40 27 2 2 1703
41 27 2 2 1704
42 27 2 2 1705
43 27 2 2 1706
44 27 2 2 1707
45 27 2 2 1708
46 27 2 2 1709
47 27 2 2 1710
48 27 2 2 1711
49 27 2 2 1712
50 27 2 2 1713
51 27 2 2 1714
52 27 2 2 1715
53 27 2 2 1716
54 27 2 2 1717
55 27 2 2 1718
56 27 2 2 1719
57 27 2 2 1720
58 27 2 2 1721
59 27 2 2 1722
60 27 2 2 1723
61 27 2 2 1724
62 27 2 2 1725
63 27 2 2 1726
64 27 2 2 1727
1 28 2 2 1728
2 28 2 2 1729
3 28 2 2 1730
4 28 2 2 1731
5 28 2 2 1732
6 28 2 2 1733
7 28 2 2 1734
8 28 2 2 1735
9 28 2 2 1736
10 28 2 2 1737
11 28 2 2 1738
12 28 2 2 1739
13 28 2 2 1740
14 28 2 2 1741
15 28 2 2 1742
16 28 2 2 1743
17 28 2 2 1744
18 28 2 2 1745
19 28 2 2 1746
20 28 2 2 1747
21 28 2 2 1748
22 28 2 2 1749
23 28 2 2 1750
24 28 2 2 1751
25 28 2 2 1752
26 28 2 2 1753
27 28 2 2 1754
28 28 2 2 1755
29 28 2 2 1756
30 28 2 2 1757
31 28 2 2 1758
32 28 2 2 1759
33 28 2 2 1760
34 28 2 2 1761
35 28 2 2 1762
36 28 2 2 1763
37 28 2 2 1764
38 28 2 2 1765
39 28 2 2 1766
40 28 2 2 1767
41 28 2 2 1768
42 28 2 2 1769
43 28 2 2 1770
44 28 2 2 1771
45 28 2 2 1772
46 28 2 2 1773
47 28 2 2 1774
48 28 2 2 1775
49 28 2 2 1776
50 28 2 2 1777
51 28 2 2 1778
52 28 2 2 1779
53 28 2 2 1780
54 28 2 2 1781
55 28 2 2 1782
56 28 2 2 1783
57 28 2 2 1784
58 28 2 2 1785
59 28 2 2 1786
60 28 2 2 1787
61 28 2 2 1788
62 28 2 2 1789
63 28 2 2 1790
64 28 2 2 1791
1 29 2 2 1792
2 29 2 2 1793
3 29 2 2 1794
4 29 2 2 1795
5 29 2 2 1796
6 29 2 2 1797
7 29 2 2 1798
8 29 2 2 1799
9 29 2 2 1800
10 29 2 2 1801
11 29 2 2 1802
12 29 2 2 1803
13 29 2 2 1804
14 29 2 2 1805
15 29 2 2 1806
16 29 2 2 1807
17 29 2 2 1808
18 29 2 2 1809
19 29 2 2 1810
20 29 2 2 1811
21 29 2 2 1812
22 29 2 2 1813
23 29 2 2 1814
24 29 2 2 1815
25 29 2 2 1816
26 29 2 2 1817
27 29 2 2 1818
28 29 2 2 1819
29 29 2 2 1820
30 29 2 2 1821
31 29 2 2 1822
32 29 2 2 1823
33 29 2 2 1824
34 29 2 2 1825
35 29 2 2 1826
36 29 2 2 1827
37 29 2 2 1828
38 29 2 2 1829
39 29 2 2 1830
40 29 2 2 1831
41 29 2 2 1832
42 29 2 2 1833
43 29 2 2 1834
44 29 2 2 1835
45 29 2 2 1836
46 29 2 2 1837
47 29 2 2 1838
48 29 2 2 1839
49 29 2 2 1840
50 29 2 2 1841
51 29 2 2 1842
52 29 2 2 1843
53 29 2 2 1844
54 29 2 2 1845
55 29 2 2 1846
56 29 2 2 1847
57 29 2 2 1848
58 29 2 2 1849
59 29 2 2 1850
60 29 2 2 1851
61 29 2 2 1852
62 29 2 2 1853
63 29 2 2 1854
64 29 2 2 1855
1 30 2 2 1856
2 30 2 2 1857
3 30 2 2 1858
4 30 2 2 1859
5 30 2 2 1860
6 30 2 2 1861
7 30 2 2 1862
8 30 2 2 1863
9 30 2 2 1864
10 30 2 2 1865
11 30 2 2 1866
12 30 2 2 1867
13 30 2 2 1868
14 30 2 2 1869
15 30 2 2 1870
16 30 2 2 1871
17 30 2 2 1872
18 30 2 2 1873
19 30 2 2 1874
20 30 2 2 1875
21 30 2 2 1876
22 30 2 2 1877
23 30 2 2 1878
24 30 2 2 1879
25 30 2 2 1880
26 30 2 2 1881
27 30 2 2 1882
28 30 2 2 1883
29 30 2 2 1884
30 30 2 2 1885
31 30 2 2 1886
32 30 2 2 1887
33 30 2 2 1888
34 30 2 2 1889
35 30 2 2 1890
36 30 2 2 1891
37 30 2 2 1892
38 30 2 2 1893
39 30 2 2 1894
40 30 2 2 1895
41 30 2 2 1896
42 30 2 2 1897
43 30 2 2 1898
44 30 2 2 1899
45 30 2 2 1900
46 30 2 2 1901
47 30 2 2 1902
48 30 2 2 1903
49 30 2 2 1904
50 30 2 2 1905
51 30 2 2 1906
52 30 2 2 1907
53 30 2 2 1908
54 30 2 2 1909
55 30 2 2 1910
56 30 2 2 1911
57 30 2 2 1912
58 30 2 2 1913
59 30 2 2 1914
60 30 2 2 1915
61 30 2 2 1916
62 30 2 2 1917
63 30 2 2 1918
64 30 2 2 1919
1 31 2 2 1920
2 31 2 2 1921
3 31 2 2 1922
4 31 2 2 1923
5 31 2 2 1924
6 31 2 2 1925
7 31 2 2 1926
8 31 2 2 1927
9 31 2 2 1928
10 31 2 2 1929
11 31 2 2 1930
12 31 2 2 1931
13 31 2 2 1932
14 31 2 2 1933
15 31 2 2 1934
16 31 2 2 1935
17 31 2 2 1936
18 31 2 2 1937
19 31 2 2 1938
20 31 2 2 1939
21 31 2 2 1940
22 31 2 2 1941
23 31 2 2 1942
24 31 2 2 1943
25 31 2 2 1944
26 31 2 2 1945
27 31 2 2 1946
28 31 2 2 1947
29 31 2 2 1948
30 31 2 2 1949
31 31 2 2 1950
32 31 2 2 1951
33 31 2 2 1952
34 31 2 2 1953
35 31 2 2 1954
36 31 2 2 1955
37 31 2 2 1956
38 31 2 2 1957
39 31 2 2 1958
40 31 2 2 1959
41 31 2 2 1960
42 31 2 2 1961
43 31 2 2 1962
44 31 2 2 1963
45 31 2 2 1964
46 31 2 2 1965
47 31 2 2 1966
48 31 2 2 1967
49 31 2 2 1968
50 31 2 2 1969
51 31 2 2 1970
52 31 2 2 1971
53 31 2 2 1972
54 31 2 2 1973
55 31 2 2 1974
56 31 2 2 1975
57 31 2 2 1976
58 31 2 2 1977
59 31 2 2 1978
60 31 2 2 1979
61 31 2 2 1980
62 31 2 2 1981
63 31 2 2 1982
64 31 2 2 1983
1 32 2 2 1984
2 32 2 2 1985
3 32 2 2 1986
4 32 2 2 1987
5 32 2 2 1988
6 32 2 2 1989
7 32 2 2 1990
8 32 2 2 1991
9 32 2 2 1992
10 32 2 2 1993
11 32 2 2 1994
12 32 2 2 1995
13 32 2 2 1996
14 32 2 2 1997
15 32 2 2 1998
16 32 2 2 1999
17 32 2 2 2000
18 32 2 2 2001
19 32 2 2 2002
20 32 2 2 2003
21 32 2 2 2004
22 32 2 2 2005
23 32 2 2 2006
24 32 2 2 2007
25 32 2 2 2008
26 32 2 2 2009
27 32 2 2 2010
28 32 2 2 2011
29 32 2 2 2012
30 32 2 2 2013
31 32 2 2 2014
32 32 2 2 2015
33 32 2 2 2016
34 32 2 2 2017
35 32 2 2 2018
36 32 2 2 2019
37 32 2 2 2020
38 32 2 2 2021
39 32 2 2 2022
40 32 2 2 2023
41 32 2 2 2024
42 32 2 2 2025
43 32 2 2 2026
44 32 2 2 2027
45 32 2 2 2028
46 32 2 2 2029
47 32 2 2 2030
48 32 2 2 2031
49 32 2 2 2032
50 32 2 2 2033
51 32 2 2 2034
52 32 2 2 2035
53 32 2 2 2036
54 32 2 2 2037
55 32 2 2 2038
56 32 2 2 2039
57 32 2 2 2040
58 32 2 2 2041
59 32 2 2 2042
60 32 2 2 2043
61 32 2 2 2044
62 32 2 2 2045
63 32 2 2 2046
64 32 2 2 2047
1 33 2 2 2048
2 33 2 2 2049
3 33 2 2 2050
4 33 2 2 2051
5 33 2 2 2052
6 33 2 2 2053
7 33 2 2 2054
8 33 2 2 2055
9 33 2 2 2056
10 33 2 2 2057
11 33 2 2 2058
12 33 2 2 2059
13 33 2 2 2060
14 33 2 2 2061
15 33 2 2 2062
16 33 2 2 2063
17 33 2 2 2064
18 33 2 2 2065
19 33 2 2 2066
20 33 2 2 2067
21 33 2 2 2068
22 33 2 2 2069
23 33 2 2 2070
24 33 2 2 2071
25 33 2 2 2072
26 33 2 2 2073
27 33 2 2 2074
28 33 2 2 2075
29 33 2 2 2076
30 33 2 2 2077
31 33 2 2 2078
32 33 2 2 2079
33 33 2 2 2080
34 33 2 2 2081
35 33 2 2 2082
36 33 2 2 2083
37 33 2 2 2084
38 33 2 2 2085
39 33 2 2 2086
40 33 2 2 2087
41 33 2 2 2088
42 33 2 2 2089
43 33 2 2 2090
44 33 2 2 2091
45 33 2 2 2092
46 33 2 2 2093
47 33 2 2 2094
48 33 2 2 2095
49 33 2 2 2096
50 33 2 2 2097
51 33 2 2 2098
52 33 2 2 2099
53 33 2 2 2100
54 33 2 2 2101
55 33 2 2 2102
56 33 2 2 2103
57 33 2 2 2104
58 33 2 2 2105
59 33 2 2 2106
60 33 2 2 2107
61 33 2 2 2108
62 33 2 2 2109
63 33 2 2 2110
64 33 2 2 2111
1 34 2 2 2112
2 34 2 2 2113
3 34 2 2 2114
4 34 2 2 2115
5 34 2 2 2116
6 34 2 2 2117
7 34 2 2 2118
8 34 2 2 2119
9 34 2 2 2120
10 34 2 2 2121
11 34 2 2 2122
12 34 2 2 2123
13 34 2 2 2124
14 34 2 2 2125
15 34 2 2 2126
16 34 2 2 2127
17 34 2 2 2128
18 34 2 2 2129
19 34 2 2 2130
20 34 2 2 2131
21 34 2 2 2132
22 34 2 2 2133
23 34 2 2 2134
24 34 2 2 2135
25 34 2 2 2136
26 34 2 2 2137
27 34 2 2 2138
28 34 2 2 2139
29 34 2 2 2140
30 34 2 2 2141
31 34 2 2 2142
32 34 2 2 2143
33 34 2 2 2144
34 34 2 2 2145
35 34 2 2 2146
36 34 2 2 2147
37 34 2 2 2148
38 34 2 2 2149
39 34 2 2 2150
40 34 2 2 2151
41 34 2 2 2152
42 34 2 2 2153
43 34 2 2 2154
44 34 2 2 2155
45 34 2 2 2156
46 34 2 2 2157
47 34 2 2 2158
48 34 2 2 2159
49 34 2 2 2160
50 34 2 2 2161
51 34 2 2 2162
52 34 2 2 2163
53 34 2 2 2164
54 34 2 2 2165
55 34 2 2 2166
56 34 2 2 2167
57 34 2 2 2168
58 34 2 2 2169
59 34 2 2 2170
60 34 2 2 2171
61 34 2 2 2172
62 34 2 2 2173
63 34 2 2 2174
64 34 2 2 2175
1 35 2 2 2176
2 35 2 2 2177
3 35 2 2 2178
4 35 2 2 2179
5 35 2 2 2180
6 35 2 2 2181
7 35 2 2 2182
8 35 2 2 2183
9 35 2 2 2184
10 35 2 2 2185
11 35 2 2 2186
12 35 2 2 2187
13 35 2 2 2188
14 35 2 2 2189
15 35 2 2 2190
16 35 2 2 2191
17 35 2 2 2192
18 35 2 2 2193
19 35 2 2 2194
20 35 2 2 2195
21 35 2 2 2196
22 35 2 2 2197
23 35 2 2 2198
24 35 2 2 2199
25 35 2 2 2200
26 35 2 2 2201
27 35 2 2 2202
28 35 2 2 2203
29 35 2 2 2204
30 35 2 2 2205
31 35 2 2 2206
32 35 2 2 2207
33 35 2 2 2208
34 35 2 2 2209
35 35 2 2 2210
36 35 2 2 2211
37 35 2 2 2212
38 35 2 2 2213
39 35 2 2 2214
40 35 2 2 2215
41 35 2 2 2216
42 35 2 2 2217
43 35 2 2 2218
44 35 2 2 2219
45 35 2 2 2220
46 35 2 2 2221
47 35 2 2 2222
48 35 2 2 2223
49 35 2 2 2224
50 35 2 2 2225
51 35 2 2 2226
52 35 2 2 2227
53 35 2 2 2228
54 35 2 2 2229
55 35 2 2 2230
56 35 2 2 2231
57 35 2 2 2232
58 35 2 2 2233
59 35 2 2 2234
60 35 2 2 2235
61 35 2 2 2236
62 35 2 2 2237
63 35 2 2 2238
64 35 2 2 2239
1 36 2 2 2240
2 36 2 2 2241
3 36 2 2 2242
4 36 2 2 2243
5 36 2 2 2244
6 36 2 2 2245
7 36 2 2 2246
8 36 2 2 2247
9 36 2 2 2248
10 36 2 2 2249
11 36 2 2 2250
12 36 2 2 2251
13 36 2 2 2252
14 36 2 2 2253
15 36 2 2 2254
16 36 2 2 2255
17 36 2 2 2256
18 36 2 2 2257
19 36 2 2 2258
20 36 2 2 2259
21 36 2 2 2260
22 36 2 2 2261
23 36 2 2 2262
24 36 2 2 2263
25 36 2 2 2264
26 36 2 2 2265
27 36 2 2 2266
28 36 2 2 2267
29 36 2 2 2268
30 36 2 2 2269
31 36 2 2 2270
32 36 2 2 2271
33 36 2 2 2272
34 36 2 2 2273
35 36 2 2 2274
36 36 2 2 2275
37 36 2 2 2276
38 36 2 2 2277
39 36 2 2 2278
40 36 2 2 2279
41 36 2 2 2280
42 36 2 2 2281
43 36 2 2 2282
44 36 2 2 2283
45 36 2 2 2284
46 36 2 2 2285
47 36 2 2 2286
48 36 2 2 2287
49 36 2 2 2288
50 36 2 2 2289
51 36 2 2 2290
52 36 2 2 2291
53 36 2 2 2292
54 36 2 2 2293
55 36 2 2 2294
56 36 2 2 2295
57 36 2 2 2296
58 36 2 2 2297
59 36 2 2 2298
60 36 2 2 2299
61 36 2 2 2300
62 36 2 2 2301
63 36 2 2 2302
64 36 2 2 2303
1 37 2 2 2304
2 37 2 2 2305
3 37 2 2 2306
4 37 2 2 2307
5 37 2 2 2308
6 37 2 2 2309
7 37 2 2 2310
8 37 2 2 2311
9 37 2 2 2312
10 37 2 2 2313
11 37 2 2 2314
12 37 2 2 2315
13 37 2 2 2316
14 37 2 2 2317
15 37 2 2 2318
16 37 2 2 2319
17 37 2 2 2320
18 37 2 2 2321
19 37 2 2 2322
20 37 2 2 2323
21 37 2 2 2324
22 37 2 2 2325
23 37 2 2 2326
24 37 2 2 2327
25 37 2 2 2328
26 37 2 2 2329
27 37 2 2 2330
28 37 2 2 2331
29 37 2 2 2332
30 37 2 2 2333
31 37 2 2 2334
32 37 2 2 2335
33 37 2 2 2336
34 37 2 2 2337
35 37 2 2 2338
36 37 2 2 2339
37 37 2 2 2340
38 37 2 2 2341
39 37 2 2 2342
40 37 2 2 2343
41 37 2 2 2344
42 37 2 2 2345
43 37 2 2 2346
44 37 2 2 2347
45 37 2 2 2348
46 37 2 2 2349
47 37 2 2 2350
48 37 2 2 2351
49 37 2 2 2352
50 37 2 2 2353
51 37 2 2 2354
52 37 2 2 2355
53 37 2 2 2356
54 37 2 2 2357
55 37 2 2 2358
56 37 2 2 2359
57 37 2 2 2360
58 37 2 2 2361
59 37 2 2 2362
60 37 2 2 2363
61 37 2 2 2364
62 37 2 2 2365
63 37 2 2 2366
64 37 2 2 2367
1 38 2 2 2368
2 38 2 2 2369
3 38 2 2 2370
4 38 2 2 2371
5 38 2 2 2372
6 38 2 2 2373
7 38 2 2 2374
8 38 2 2 2375
9 38 2 2 2376
10 38 2 2 2377
11 38 2 2 2378
12 38 2 2 2379
13 38 2 2 2380
14 38 2 2 2381
15 38 2 2 2382
16 38 2 2 2383
17 38 2 2 2384
18 38 2 2 2385
19 38 2 2 2386
20 38 2 2 2387
21 38 2 2 2388
22 38 2 2 2389
23 38 2 2 2390
24 38 2 2 2391
25 38 2 2 2392
26 38 2 2 2393
27 38 2 2 2394
28 38 2 2 2395
29 38 2 2 2396
30 38 2 2 2397
31 38 2 2 2398
32 38 2 2 2399
33 38 2 2 2400
34 38 2 2 2401
35 38 2 2 2402
36 38 2 2 2403
37 38 2 2 2404
38 38 2 2 2405
39 38 2 2 2406
40 38 2 2 2407
41 38 2 2 2408
42 38 2 2 2409
43 38 2 2 2410
44 38 2 2 2411
45 38 2 2 2412
46 38 2 2 2413
47 38 2 2 2414
48 38 2 2 2415
49 38 2 2 2416
50 38 2 2 2417
51 38 2 2 2418
52 38 2 2 2419
53 38 2 2 2420
54 38 2 2 2421
55 38 2 2 2422
56 38 2 2 2423
57 38 2 2 2424
58 38 2 2 2425
59 38 2 2 2426
60 38 2 2 2427
61 38 2 2 2428
62 38 2 2 2429
63 38 2 2 2430
64 38 2 2 2431
1 39 2 2 2432
2 39 2 2 2433
3 39 2 2 2434
4 39 2 2 2435
5 39 2 2 2436
6 39 2 2 2437
7 39 2 2 2438
8 39 2 2 2439
9 39 2 2 2440
10 39 2 2 2441
11 39 2 2 2442
12 39 2 2 2443
13 39 2 2 2444
14 39 2 2 2445
15 39 2 2 2446
16 39 2 2 2447
17 39 2 2 2448
18 39 2 2 2449
19 39 2 2 2450
20 39 2 2 2451
21 39 2 2 2452
22 39 2 2 2453
23 39 2 2 2454
24 39 2 2 2455
25 39 2 2 2456
26 39 2 2 2457
27 39 2 2 2458
28 39 2 2 2459
29 39 2 2 2460
30 39 2 2 2461
31 39 2 2 2462
32 39 2 2 2463
33 39 2 2 2464
34 39 2 2 2465
35 39 2 2 2466
36 39 2 2 2467
37 39 2 2 2468
38 39 2 2 2469
39 39 2 2 2470
40 39 2 2 2471
41 39 2 2 2472
42 39 2 2 2473
43 39 2 2 2474
44 39 2 2 2475
45 39 2 2 2476
46 39 2 2 2477
47 39 2 2 2478
48 39 2 2 2479
49 39 2 2 2480
50 39 2 2 2481
51 39 2 2 2482
52 39 2 2 2483
53 39 2 2 2484
54 39 2 2 2485
55 39 2 2 2486
56 39 2 2 2487
57 39 2 2 2488
58 39 2 2 2489
59 39 2 2 2490
60 39 2 2 2491
61 39 2 2 2492
62 39 2 2 2493
63 39 2 2 2494
64 39 2 2 2495
1 40 2 2 2496
2 40 2 2 2497
3 40 2 2 2498
4 40 2 2 2499
5 40 2 2 2500
6 40 2 2 2501
7 40 2 2 2502
8 40 2 2 2503
9 40 2 2 2504
10 40 2 2 2505
11 40 2 2 2506
12 40 2 2 2507
13 40 2 2 2508
14 40 2 2 2509
15 40 2 2 2510
16 40 2 2 2511
17 40 2 2 2512
18 40 2 2 2513
19 40 2 2 2514
20 40 2 2 2515
21 40 2 2 2516
22 40 2 2 2517
23 40 2 2 2518
24 40 2 2 2519
25 40 2 2 2520
26 40 2 2 2521
27 40 2 2 2522
28 40 2 2 2523
29 40 2 2 2524
30 40 2 2 2525
31 40 2 2 2526
32 40 2 2 2527
33 40 2 2 2528
34 40 2 2 2529
35 40 2 2 2530
36 40 2 2 2531
37 40 2 2 2532
38 40 2 2 2533
39 40 2 2 2534
40 40 2 2 2535
41 40 2 2 2536
42 40 2 2 2537
43 40 2 2 2538
44 40 2 2 2539
45 40 2 2 2540
46 40 2 2 2541
47 40 2 2 2542
48 40 2 2 2543
49 40 2 2 2544
50 40 2 2 2545
51 40 2 2 2546
52 40 2 2 2547
53 40 2 2 2548
54 40 2 2 2549
55 40 2 2 2550
56 40 2 2 2551
57 40 2 2 2552
58 40 2 2 2553
59 40 2 2 2554
60 40 2 2 2555
61 40 2 2 2556
62 40 2 2 2557
63 40 2 2 2558
64 40 2 2 2559
1 41 2 2 2560
2 41 2 2 2561
3 41 2 2 2562
4 41 2 2 2563
5 41 2 2 2564
6 41 2 2 2565
7 41 2 2 2566
8 41 2 2 2567
9 41 2 2 2568
10 41 2 2 2569
11 41 2 2 2570
12 41 2 2 2571
13 41 2 2 2572
14 41 2 2 2573
15 41 2 2 2574
16 41 2 2 2575
17 41 2 2 2576
18 41 2 2 2577
19 41 2 2 2578
20 41 2 2 2579
21 41 2 2 2580
22 41 2 2 2581
23 41 2 2 2582
24 41 2 2 2583
25 41 2 2 2584
26 41 2 2 2585
27 41 2 2 2586
28 41 2 2 2587
29 41 2 2 2588
30 41 2 2 2589
31 41 2 2 2590
32 41 2 2 2591
33 41 2 2 2592
34 41 2 2 2593
35 41 2 2 2594
36 41 2 2 2595
37 41 2 2 2596
38 41 2 2 2597
39 41 2 2 2598
40 41 2 2 2599
41 41 2 2 2600
42 41 2 2 2601
43 41 2 2 2602
44 41 2 2 2603
45 41 2 2 2604
46 41 2 2 2605
47 41 2 2 2606
48 41 2 2 2607
49 41 2 2 2608
50 41 2 2 2609
51 41 2 2 2610
52 41 2 2 2611
53 41 2 2 2612
54 41 2 2 2613
55 41 2 2 2614
56 41 2 2 2615
57 41 2 2 2616
58 41 2 2 2617
59 41 2 2 2618
60 41 2 2 2619
61 41 2 2 2620
62 41 2 2 2621
63 41 2 2 2622
64 41 2 2 2623
1 42 2 2 2624
2 42 2 2 2625
3 42 2 2 2626
4 42 2 2 2627
5 42 2 2 2628
6 42 2 2 2629
7 42 2 2 2630
8 42 2 2 2631
9 42 2 2 2632
10 42 2 2 2633
11 42 2 2 2634
12 42 2 2 2635
13 42 2 2 2636
14 42 2 2 2637
15 42 2 2 2638
16 42 2 2 2639
17 42 2 2 2640
18 42 2 2 2641
19 42 2 2 2642
20 42 2 2 2643
21 42 2 2 2644
22 42 2 2 2645
23 42 2 2 2646
24 42 2 2 2647
25 42 2 2 2648
26 42 2 2 2649
27 42 2 2 2650
28 42 2 2 2651
29 42 2 2 2652
30 42 2 2 2653
31 42 2 2 2654
32 42 2 2 2655
33 42 2 2 2656
34 42 2 2 2657
35 42 2 2 2658
36 42 2 2 2659
37 42 2 2 2660
38 42 2 2 2661
39 42 2 2 2662
40 42 2 2 2663
41 42 2 2 2664
42 42 2 2 2665
43 42 2 2 2666
44 42 2 2 2667
45 42 2 2 2668
46 42 2 2 2669
47 42 2 2 2670
48 42 2 2 2671
49 42 2 2 2672
50 42 2 2 2673
51 42 2 2 2674
52 42 2 2 2675
53 42 2 2 2676
54 42 2 2 2677
55 42 2 2 2678
56 42 2 2 2679
57 42 2 2 2680
58 42 2 2 2681
59 42 2 2 2682
60 42 2 2 2683
61 42 2 2 2684
62 42 2 2 2685
63 42 2 2 2686
64 42 2 2 2687
1 43 2 2 2688
2 43 2 2 2689
3 43 2 2 2690
4 43 2 2 2691
5 43 2 2 2692
6 43 2 2 2693
7 43 2 2 2694
8 43 2 2 2695
9 43 2 2 2696
10 43 2 2 2697
11 43 2 2 2698
12 43 2 2 2699
13 43 2 2 2700
14 43 2 2 2701
15 43 2 2 2702
16 43 2 2 2703
17 43 2 2 2704
18 43 2 2 2705
19 43 2 2 2706
20 43 2 2 2707
21 43 2 2 2708
22 43 2 2 2709
23 43 2 2 2710
24 43 2 2 2711
25 43 2 2 2712
26 43 2 2 2713
27 43 2 2 2714
28 43 2 2 2715
29 43 2 2 2716
30 43 2 2 2717
31 43 2 2 2718
32 43 2 2 2719
33 43 2 2 2720
34 43 2 2 2721
35 43 2 2 2722
36 43 2 2 2723
37 43 2 2 2724
38 43 2 2 2725
39 43 2 2 2726
40 43 2 2 2727
41 43 2 2 2728
42 43 2 2 2729
43 43 2 2 2730
44 43 2 2 2731
45 43 2 2 2732
46 43 2 2 2733
47 43 2 2 2734
48 43 2 2 2735
49 43 2 2 2736
50 43 2 2 2737
51 43 2 2 2738
52 43 2 2 2739
53 43 2 2 2740
54 43 2 2 2741
55 43 2 2 2742
56 43 2 2 2743
57 43 2 2 2744
58 43 2 2 2745
59 43 2 2 2746
60 43 2 2 2747
61 43 2 2 2748
62 43 2 2 2749
63 43 2 2 2750
64 43 2 2 2751
1 44 2 2 2752
2 44 2 2 2753
3 44 2 2 2754
4 44 2 2 2755
5 44 2 2 2756
6 44 2 2 2757
7 44 2 2 2758
8 44 2 2 2759
9 44 2 2 2760
10 44 2 2 2761
11 44 2 2 2762
12 44 2 2 2763
13 44 2 2 2764
14 44 2 2 2765
15 44 2 2 2766
16 44 2 2 2767
17 44 2 2 2768
18 44 2 2 2769
19 44 2 2 2770
20 44 2 2 2771
21 44 2 2 2772
22 44 2 2 2773
23 44 2 2 2774
24 44 2 2 2775
25 44 2 2 2776
26 44 2 2 2777
27 44 2 2 2778
28 44 2 2 2779
29 44 2 2 2780
30 44 2 2 2781
31 44 2 2 2782
32 44 2 2 2783
33 44 2 2 2784
34 44 2 2 2785
35 44 2 2 2786
36 44 2 2 2787
37 44 2 2 2788
38 44 2 2 2789
39 44 2 2 2790
40 44 2 2 2791
41 44 2 2 2792
42 44 2 2 2793
43 44 2 2 2794
44 44 2 2 2795
45 44 2 2 2796
46 44 2 2 2797
47 44 2 2 2798
48 44 2 2 2799
49 44 2 2 2800
50 44 2 2 2801
51 44 2 2 2802
52 44 2 2 2803
53 44 2 2 2804
54 44 2 2 2805
55 44 2 2 2806
56 44 2 2 2807
57 44 2 2 2808
58 44 2 2 2809
59 44 2 2 2810
60 44 2 2 2811
61 44 2 2 2812
62 44 2 2 2813
63 44 2 2 2814
64 44 2 2 2815
1 45 2 2 2816
2 45 2 2 2817
3 45 2 2 2818
4 45 2 2 2819
5 45 2 2 2820
6 45 2 2 2821
7 45 2 2 2822
8 45 2 2 2823
9 45 2 2 2824
10 45 2 2 2825
11 45 2 2 2826
12 45 2 2 2827
13 45 2 2 2828
14 45 2 2 2829
15 45 2 2 2830
16 45 2 2 2831
17 45 2 2 2832
18 45 2 2 2833
19 45 2 2 2834
20 45 2 2 2835
21 45 2 2 2836
22 45 2 2 2837
23 45 2 2 2838
24 45 2 2 2839
25 45 2 2 2840
26 45 2 2 2841
27 45 2 2 2842
28 45 2 2 2843
29 45 2 2 2844
30 45 2 2 2845
31 45 2 2 2846
32 45 2 2 2847
33 45 2 2 2848
34 45 2 2 2849
35 45 2 2 2850
36 45 2 2 2851
37 45 2 2 2852
38 45 2 2 2853
39 45 2 2 2854
40 45 2 2 2855
41 45 2 2 2856
42 45 2 2 2857
43 45 2 2 2858
44 45 2 2 2859
45 45 2 2 2860
46 45 2 2 2861
47 45 2 2 2862
48 45 2 2 2863
49 45 2 2 2864
50 45 2 2 2865
51 45 2 2 2866
52 45 2 2 2867
53 45 2 2 2868
54 45 2 2 2869
55 45 2 2 2870
56 45 2 2 2871
57 45 2 2 2872
58 45 2 2 2873
59 45 2 2 2874
60 45 2 2 2875
61 45 2 2 2876
62 45 2 2 2877
63 45 2 2 2878
64 45 2 2 2879
1 46 2 2 2880
2 46 2 2 2881
3 46 2 2 2882
4 46 2 2 2883
5 46 2 2 2884
6 46 2 2 2885
7 46 2 2 2886
8 46 2 2 2887
9 46 2 2 2888
10 46 2 2 2889
11 46 2 2 2890
12 46 2 2 2891
13 46 2 2 2892
14 46 2 2 2893
15 46 2 2 2894
16 46 2 2 2895
17 46 2 2 2896
18 46 2 2 2897
19 46 2 2 2898
20 46 2 2 2899
21 46 2 2 2900
22 46 2 2 2901
23 46 2 2 2902
24 46 2 2 2903
25 46 2 2 2904
26 46 2 2 2905
27 46 2 2 2906
28 46 2 2 2907
29 46 2 2 2908
30 46 2 2 2909
31 46 2 2 2910
32 46 2 2 2911
33 46 2 2 2912
34 46 2 2 2913
35 46 2 2 2914
36 46 2 2 2915
37 46 2 2 2916
38 46 2 2 2917
39 46 2 2 2918
40 46 2 2 2919
41 46 2 2 2920
42 46 2 2 2921
43 46 2 2 2922
44 46 2 2 2923
45 46 2 2 2924
46 46 2 2 2925
47 46 2 2 2926
48 46 2 2 2927
49 46 2 2 2928
50 46 2 2 2929
51 46 2 2 2930
52 46 2 2 2931
53 46 2 2 2932
54 46 2 2 2933
55 46 2 2 2934
56 46 2 2 2935
57 46 2 2 2936
58 46 2 2 2937
59 46 2 2 2938
60 46 2 2 2939
61 46 2 2 2940
62 46 2 2 2941
63 46 2 2 2942
64 46 2 2 2943
1 47 2 2 2944
2 47 2 2 2945
3 47 2 2 2946
4 47 2 2 2947
5 47 2 2 2948
6 47 2 2 2949
7 47 2 2 2950
8 47 2 2 2951
9 47 2 2 2952
10 47 2 2 2953
11 47 2 2 2954
12 47 2 2 2955
13 47 2 2 2956
14 47 2 2 2957
15 47 2 2 2958
16 47 2 2 2959
17 47 2 2 2960
18 47 2 2 2961
19 47 2 2 2962
20 47 2 2 2963
21 47 2 2 2964
22 47 2 2 2965
23 47 2 2 2966
24 47 2 2 2967
25 47 2 2 2968
26 47 2 2 2969
27 47 2 2 2970
28 47 2 2 2971
29 47 2 2 2972
30 47 2 2 2973
31 47 2 2 2974
32 47 2 2 2975
33 47 2 2 2976
34 47 2 2 2977
35 47 2 2 2978
36 47 2 2 2979
37 47 2 2 2980
38 47 2 2 2981
39 47 2 2 2982
40 47 2 2 2983
41 47 2 2 2984
42 47 2 2 2985
43 47 2 2 2986
44 47 2 2 2987
45 47 2 2 2988
46 47 2 2 2989
47 47 2 2 2990
48 47 2 2 2991
49 47 2 2 2992
50 47 2 2 2993
51 47 2 2 2994
52 47 2 2 2995
53 47 2 2 2996
54 47 2 2 2997
55 47 2 2 2998
56 47 2 2 2999
57 47 2 2 3000
58 47 2 2 3001
59 47 2 2 3002
60 47 2 2 3003
61 47 2 2 3004
62 47 2 2 3005
63 47 2 2 3006
64 47 2 2 3007
1 48 2 2 3008
2 48 2 2 3009
3 48 2 2 3010
4 48 2 2 3011
5 48 2 2 3012
6 48 2 2 3013
7 48 2 2 3014
8 48 2 2 3015
9 48 2 2 3016
10 48 2 2 3017
11 48 2 2 3018
12 48 2 2 3019
13 48 2 2 3020
14 48 2 2 3021
15 48 2 2 3022
16 48 2 2 3023
17 48 2 2 3024
18 48 2 2 3025
19 48 2 2 3026
20 48 2 2 3027
21 48 2 2 3028
22 48 2 2 3029
23 48 2 2 3030
24 48 2 2 3031
25 48 2 2 3032
26 48 2 2 3033
27 48 2 2 3034
28 48 2 2 3035
29 48 2 2 3036
30 48 2 2 3037
31 48 2 2 3038
32 48 2 2 3039
33 48 2 2 3040
34 48 2 2 3041
35 48 2 2 3042
36 48 2 2 3043
37 48 2 2 3044
38 48 2 2 3045
39 48 2 2 3046
40 48 2 2 3047
41 48 2 2 3048
42 48 2 2 3049
43 48 2 2 3050
44 48 2 2 3051
45 48 2 2 3052
46 48 2 2 3053
47 48 2 2 3054
48 48 2 2 3055
49 48 2 2 3056
50 48 2 2 3057
51 48 2 2 3058
52 48 2 2 3059
53 48 2 2 3060
54 48 2 2 3061
55 48 2 2 3062
56 48 2 2 3063
57 48 2 2 3064
58 48 2 2 3065
59 48 2 2 3066
60 48 2 2 3067
61 48 2 2 3068
62 48 2 2 3069
63 48 2 2 3070
64 48 2 2 3071
1 49 2 2 3072
2 49 2 2 3073
3 49 2 2 3074
4 49 2 2 3075
5 49 2 2 3076
6 49 2 2 3077
7 49 2 2 3078
8 49 2 2 3079
9 49 2 2 3080
10 49 2 2 3081
11 49 2 2 3082
12 49 2 2 3083
13 49 2 2 3084
14 49 2 2 3085
15 49 2 2 3086
16 49 2 2 3087
17 49 2 2 3088
18 49 2 2 3089
19 49 2 2 3090
20 49 2 2 3091
21 49 2 2 3092
22 49 2 2 3093
23 49 2 2 3094
24 49 2 2 3095
25 49 2 2 3096
26 49 2 2 3097
27 49 2 2 3098
28 49 2 2 3099
29 49 2 2 3100
30 49 2 2 3101
31 49 2 2 3102
32 49 2 2 3103
33 49 2 2 3104
34 49 2 2 3105
35 49 2 2 3106
36 49 2 2 3107
37 49 2 2 3108
38 49 2 2 3109
39 49 2 2 3110
40 49 2 2 3111
41 49 2 2 3112
42 49 2 2 3113
43 49 2 2 3114
44 49 2 2 3115
45 49 2 2 3116
46 49 2 2 3117
47 49 2 2 3118
48 49 2 2 3119
49 49 2 2 3120
50 49 2 2 3121
51 49 2 2 3122
52 49 2 2 3123
53 49 2 2 3124
54 49 2 2 3125
55 49 2 2 3126
56 49 2 2 3127
57 49 2 2 3128
58 49 2 2 3129
59 49 2 2 3130
60 49 2 2 3131
61 49 2 2 3132
62 49 2 2 3133
63 49 2 2 3134
64 49 2 2 3135
1 50 2 2 3136
2 50 2 2 3137
3 50 2 2 3138
4 50 2 2 3139
5 50 2 2 3140
6 50 2 2 3141
7 50 2 2 3142
8 50 2 2 3143
9 50 2 2 3144
10 50 2 2 3145
11 50 2 2 3146
12 50 2 2 3147
13 50 2 2 3148
14 50 2 2 3149
15 50 2 2 3150
16 50 2 2 3151
17 50 2 2 3152
18 50 2 2 3153
19 50 2 2 3154
20 50 2 2 3155
21 50 2 2 3156
22 50 2 2 3157
23 50 2 2 3158
24 50 2 2 3159
25 50 2 2 3160
26 50 2 2 3161
27 50 2 2 3162
28 50 2 2 3163
29 50 2 2 3164
30 50 2 2 3165
31 50 2 2 3166
32 50 2 2 3167
33 50 2 2 3168
34 50 2 2 3169
35 50 2 2 3170
36 50 2 2 3171
37 50 2 2 3172
38 50 2 2 3173
39 50 2 2 3174
40 50 2 2 3175
41 50 2 2 3176
42 50 2 2 3177
43 50 2 2 3178
44 50 2 2 3179
45 50 2 2 3180
46 50 2 2 3181
47 50 2 2 3182
48 50 2 2 3183
49 50 2 2 3184
50 50 2 2 3185
51 50 2 2 3186
52 50 2 2 3187
53 50 2 2 3188
54 50 2 2 3189
55 50 2 2 3190
56 50 2 2 3191
57 50 2 2 3192
58 50 2 2 3193
59 50 2 2 3194
60 50 2 2 3195
61 50 2 2 3196
62 50 2 2 3197
63 50 2 2 3198
64 50 2 2 3199
1 51 2 2 3200
2 51 2 2 3201
3 51 2 2 3202
4 51 2 2 3203
5 51 2 2 3204
6 51 2 2 3205
7 51 2 2 3206
8 51 2 2 3207
9 51 2 2 3208
10 51 2 2 3209
11 51 2 2 3210
12 51 2 2 3211
13 51 2 2 3212
14 51 2 2 3213
15 51 2 2 3214
16 51 2 2 3215
17 51 2 2 3216
18 51 2 2 3217
19 51 2 2 3218
20 51 2 2 3219
21 51 2 2 3220
22 51 2 2 3221
23 51 2 2 3222
24 51 2 2 3223
25 51 2 2 3224
26 51 2 2 3225
27 51 2 2 3226
28 51 2 2 3227
29 51 2 2 3228
30 51 2 2 3229
31 51 2 2 3230
32 51 2 2 3231
33 51 2 2 3232
34 51 2 2 3233
35 51 2 2 3234
36 51 2 2 3235
37 51 2 2 3236
38 51 2 2 3237
39 51 2 2 3238
40 51 2 2 3239
41 51 2 2 3240
42 51 2 2 3241
43 51 2 2 3242
44 51 2 2 3243
45 51 2 2 3244
46 51 2 2 3245
47 51 2 2 3246
48 51 2 2 3247
49 51 2 2 3248
50 51 2 2 3249
51 51 2 2 3250
52 51 2 2 3251
53 51 2 2 3252
54 51 2 2 3253
55 51 2 2 3254
56 51 2 2 3255
57 51 2 2 3256
58 51 2 2 3257
59 51 2 2 3258
60 51 2 2 3259
61 51 2 2 3260
62 51 2 2 3261
63 51 2 2 3262
64 51 2 2 3263
1 52 2 2 3264
2 52 2 2 3265
3 52 2 2 3266
4 52 2 2 3267
5 52 2 2 3268
6 52 2 2 3269
7 52 2 2 3270
8 52 2 2 3271
9 52 2 2 3272
10 52 2 2 3273
11 52 2 2 3274
12 52 2 2 3275
13 52 2 2 3276
14 52 2 2 3277
15 52 2 2 3278
16 52 2 2 3279
17 52 2 2 3280
18 52 2 2 3281
19 52 2 2 3282
20 52 2 2 3283
21 52 2 2 3284
22 52 2 2 3285
23 52 2 2 3286
24 52 2 2 3287
25 52 2 2 3288
26 52 2 2 3289
27 52 2 2 3290
28 52 2 2 3291
29 52 2 2 3292
30 52 2 2 3293
31 52 2 2 3294
32 52 2 2 3295
33 52 2 2 3296
34 52 2 2 3297
35 52 2 2 3298
36 52 2 2 3299
37 52 2 2 3300
38 52 2 2 3301
39 52 2 2 3302
40 52 2 2 3303
41 52 2 2 3304
42 52 2 2 3305
43 52 2 2 3306
44 52 2 2 3307
45 52 2 2 3308
46 52 2 2 3309
47 52 2 2 3310
48 52 2 2 3311
49 52 2 2 3312
50 52 2 2 3313
51 52 2 2 3314
52 52 2 2 3315
53 52 2 2 3316
54 52 2 2 3317
55 52 2 2 3318
56 52 2 2 3319
57 52 2 2 3320
58 52 2 2 3321
59 52 2 2 3322
60 52 2 2 3323
61 52 2 2 3324
62 52 2 2 3325
63 52 2 2 3326
64 52 2 2 3327
1 53 2 2 3328
2 53 2 2 3329
3 53 2 2 3330
4 53 2 2 3331
5 53 2 2 3332
6 53 2 2 3333
7 53 2 2 3334
8 53 2 2 3335
9 53 2 2 3336
10 53 2 2 3337
11 53 2 2 3338
12 53 2 2 3339
13 53 2 2 3340
14 53 2 2 3341
15 53 2 2 3342
16 53 2 2 3343
17 53 2 2 3344
18 53 2 2 3345
19 53 2 2 3346
20 53 2 2 3347
21 53 2 2 3348
22 53 2 2 3349
23 53 2 2 3350
24 53 2 2 3351
25 53 2 2 3352
26 53 2 2 3353
27 53 2 2 3354
28 53 2 2 3355
29 53 2 2 3356
30 53 2 2 3357
31 53 2 2 3358
32 53 2 2 3359
33 53 2 2 3360
34 53 2 2 3361
35 53 2 2 3362
36 53 2 2 3363
37 53 2 2 3364
38 53 2 2 3365
39 53 2 2 3366
40 53 2 2 3367
41 53 2 2 3368
42 53 2 2 3369
43 53 2 2 3370
44 53 2 2 3371
45 53 2 2 3372
46 53 2 2 3373
47 53 2 2 3374
48 53 2 2 3375
49 53 2 2 3376
50 53 2 2 3377
51 53 2 2 3378
52 53 2 2 3379
53 53 2 2 3380
54 53 2 2 3381
55 53 2 2 3382
56 53 2 2 3383
57 53 2 2 3384
58 53 2 2 3385
59 53 2 2 3386
60 53 2 2 3387
61 53 2 2 3388
62 53 2 2 3389
63 53 2 2 3390
64 53 2 2 3391
1 54 2 2 3392
2 54 2 2 3393
3 54 2 2 3394
4 54 2 2 3395
5 54 2 2 3396
6 54 2 2 3397
7 54 2 2 3398
8 54 2 2 3399
9 54 2 2 3400
10 54 2 2 3401
11 54 2 2 3402
12 54 2 2 3403
13 54 2 2 3404
14 54 2 2 3405
15 54 2 2 3406
16 54 2 2 3407
17 54 2 2 3408
18 54 2 2 3409
19 54 2 2 3410
20 54 2 2 3411
21 54 2 2 3412
22 54 2 2 3413
23 54 2 2 3414
24 54 2 2 3415
25 54 2 2 3416
26 54 2 2 3417
27 54 2 2 3418
28 54 2 2 3419
29 54 2 2 3420
30 54 2 2 3421
31 54 2 2 3422
32 54 2 2 3423
33 54 2 2 3424
34 54 2 2 3425
35 54 2 2 3426
36 54 2 2 3427
37 54 2 2 3428
38 54 2 2 3429
39 54 2 2 3430
40 54 2 2 3431
41 54 2 2 3432
42 54 2 2 3433
43 54 2 2 3434
44 54 2 2 3435
45 54 2 2 3436
46 54 2 2 3437
47 54 2 2 3438
48 54 2 2 3439
49 54 2 2 3440
50 54 2 2 3441
51 54 2 2 3442
52 54 2 2 3443
53 54 2 2 3444
54 54 2 2 3445
55 54 2 2 3446
56 54 2 2 3447
57 54 2 2 3448
58 54 2 2 3449
59 54 2 2 3450
60 54 2 2 3451
61 54 2 2 3452
62 54 2 2 3453
63 54 2 2 3454
64 54 2 2 3455
1 55 2 2 3456
2 55 2 2 3457
3 55 2 2 3458
4 55 2 2 3459
5 55 2 2 3460
6 55 2 2 3461
7 55 2 2 3462
8 55 2 2 3463
9 55 2 2 3464
10 55 2 2 3465
11 55 2 2 3466
12 55 2 2 3467
13 55 2 2 3468
14 55 2 2 3469
15 55 2 2 3470
16 55 2 2 3471
17 55 2 2 3472
18 55 2 2 3473
19 55 2 2 3474
20 55 2 2 3475
21 55 2 2 3476
22 55 2 2 3477
23 55 2 2 3478
24 55 2 2 3479
25 55 2 2 3480
26 55 2 2 3481
27 55 2 2 3482
28 55 2 2 3483
29 55 2 2 3484
30 55 2 2 3485
31 55 2 2 3486
32 55 2 2 3487
33 55 2 2 3488
34 55 2 2 3489
35 55 2 2 3490
36 55 2 2 3491
37 55 2 2 3492
38 55 2 2 3493
39 55 2 2 3494
40 55 2 2 3495
41 55 2 2 3496
42 55 2 2 3497
43 55 2 2 3498
44 55 2 2 3499
45 55 2 2 3500
46 55 2 2 3501
47 55 2 2 3502
48 55 2 2 3503
49 55 2 2 3504
50 55 2 2 3505
51 55 2 2 3506
52 55 2 2 3507
53 55 2 2 3508
54 55 2 2 3509
55 55 2 2 3510
56 55 2 2 3511
57 55 2 2 3512
58 55 2 2 3513
59 55 2 2 3514
60 55 2 2 3515
61 55 2 2 3516
62 55 2 2 3517
63 55 2 2 3518
64 55 2 2 3519
1 56 2 2 3520
2 56 2 2 3521
3 56 2 2 3522
4 56 2 2 3523
5 56 2 2 3524
6 56 2 2 3525
7 56 2 2 3526
8 56 2 2 3527
9 56 2 2 3528
10 56 2 2 3529
11 56 2 2 3530
12 56 2 2 3531
13 56 2 2 3532
14 56 2 2 3533
15 56 2 2 3534
16 56 2 2 3535
17 56 2 2 3536
18 56 2 2 3537
19 56 2 2 3538
20 56 2 2 3539
21 56 2 2 3540
22 56 2 2 3541
23 56 2 2 3542
24 56 2 2 3543
25 56 2 2 3544
26 56 2 2 3545
27 56 2 2 3546
28 56 2 2 3547
29 56 2 2 3548
30 56 2 2 3549
31 56 2 2 3550
32 56 2 2 3551
33 56 2 2 3552
34 56 2 2 3553
35 56 2 2 3554
36 56 2 2 3555
37 56 2 2 3556
38 56 2 2 3557
39 56 2 2 3558
40 56 2 2 3559
41 56 2 2 3560
42 56 2 2 3561
43 56 2 2 3562
44 56 2 2 3563
45 56 2 2 3564
46 56 2 2 3565
47 56 2 2 3566
48 56 2 2 3567
49 56 2 2 3568
50 56 2 2 3569
51 56 2 2 3570
52 56 2 2 3571
53 56 2 2 3572
54 56 2 2 3573
55 56 2 2 3574
56 56 2 2 3575
57 56 2 2 3576
58 56 2 2 3577
59 56 2 2 3578
60 56 2 2 3579
61 56 2 2 3580
62 56 2 2 3581
63 56 2 2 3582
64 56 2 2 3583
1 57 2 2 3584
2 57 2 2 3585
3 57 2 2 3586
4 57 2 2 3587
5 57 2 2 3588
6 57 2 2 3589
7 57 2 2 3590
8 57 2 2 3591
9 57 2 2 3592
10 57 2 2 3593
11 57 2 2 3594
12 57 2 2 3595
13 57 2 2 3596
14 57 2 2 3597
15 57 2 2 3598
16 57 2 2 3599
17 57 2 2 3600
18 57 2 2 3601
19 57 2 2 3602
20 57 2 2 3603
21 57 2 2 3604
22 57 2 2 3605
23 57 2 2 3606
24 57 2 2 3607
25 57 2 2 3608
26 57 2 2 3609
27 57 2 2 3610
28 57 2 2 3611
29 57 2 2 3612
30 57 2 2 3613
31 57 2 2 3614
32 57 2 2 3615
33 57 2 2 3616
34 57 2 2 3617
35 57 2 2 3618
36 57 2 2 3619
37 57 2 2 3620
38 57 2 2 3621
39 57 2 2 3622
40 57 2 2 3623
41 57 2 2 3624
42 57 2 2 3625
43 57 2 2 3626
44 57 2 2 3627
45 57 2 2 3628
46 57 2 2 3629
47 57 2 2 3630
48 57 2 2 3631
49 57 2 2 3632
50 57 2 2 3633
51 57 2 2 3634
52 57 2 2 3635
53 57 2 2 3636
54 57 2 2 3637
55 57 2 2 3638
56 57 2 2 3639
57 57 2 2 3640
58 57 2 2 3641
59 57 2 2 3642
60 57 2 2 3643
61 57 2 2 3644
62 57 2 2 3645
63 57 2 2 3646
64 57 2 2 3647
1 58 2 2 3648
2 58 2 2 3649
3 58 2 2 3650
4 58 2 2 3651
5 58 2 2 3652
6 58 2 2 3653
7 58 2 2 3654
8 58 2 2 3655
9 58 2 2 3656
10 58 2 2 3657
11 58 2 2 3658
12 58 2 2 3659
13 58 2 2 3660
14 58 2 2 3661
15 58 2 2 3662
16 58 2 2 3663
17 58 2 2 3664
18 58 2 2 3665
19 58 2 2 3666
20 58 2 2 3667
21 58 2 2 3668
22 58 2 2 3669
23 58 2 2 3670
24 58 2 2 3671
25 58 2 2 3672
26 58 2 2 3673
27 58 2 2 3674
28 58 2 2 3675
29 58 2 2 3676
30 58 2 2 3677
31 58 2 2 3678
32 58 2 2 3679
33 58 2 2 3680
34 58 2 2 3681
35 58 2 2 3682
36 58 2 2 3683
37 58 2 2 3684
38 58 2 2 3685
39 58 2 2 3686
40 58 2 2 3687
41 58 2 2 3688
42 58 2 2 3689
43 58 2 2 3690
44 58 2 2 3691
45 58 2 2 3692
46 58 2 2 3693
47 58 2 2 3694
48 58 2 2 3695
49 58 2 2 3696
50 58 2 2 3697
51 58 2 2 3698
52 58 2 2 3699
53 58 2 2 3700
54 58 2 2 3701
55 58 2 2 3702
56 58 2 2 3703
57 58 2 2 3704
58 58 2 2 3705
59 58 2 2 3706
60 58 2 2 3707
61 58 2 2 3708
62 58 2 2 3709
63 58 2 2 3710
64 58 2 2 3711
1 59 2 2 3712
2 59 2 2 3713
3 59 2 2 3714
4 59 2 2 3715
5 59 2 2 3716
6 59 2 2 3717
7 59 2 2 3718
8 59 2 2 3719
9 59 2 2 3720
10 59 2 2 3721
11 59 2 2 3722
12 59 2 2 3723
13 59 2 2 3724
14 59 2 2 3725
15 59 2 2 3726
16 59 2 2 3727
17 59 2 2 3728
18 59 2 2 3729
19 59 2 2 3730
20 59 2 2 3731
21 59 2 2 3732
22 59 2 2 3733
23 59 2 2 3734
24 59 2 2 3735
25 59 2 2 3736
26 59 2 2 3737
27 59 2 2 3738
28 59 2 2 3739
29 59 2 2 3740
30 59 2 2 3741
31 59 2 2 3742
32 59 2 2 3743
33 59 2 2 3744
34 59 2 2 3745
35 59 2 2 3746
36 59 2 2 3747
37 59 2 2 3748
38 59 2 2 3749
39 59 2 2 3750
40 59 2 2 3751
41 59 2 2 3752
42 59 2 2 3753
43 59 2 2 3754
44 59 2 2 3755
45 59 2 2 3756
46 59 2 2 3757
47 59 2 2 3758
48 59 2 2 3759
49 59 2 2 3760
50 59 2 2 3761
51 59 2 2 3762
52 59 2 2 3763
53 59 2 2 3764
54 59 2 2 3765
55 59 2 2 3766
56 59 2 2 3767
57 59 2 2 3768
58 59 2 2 3769
59 59 2 2 3770
60 59 2 2 3771
61 59 2 2 3772
62 59 2 2 3773
63 59 2 2 3774
64 59 2 2 3775
1 60 2 2 3776
2 60 2 2 3777
3 60 2 2 3778
4 60 2 2 3779
5 60 2 2 3780
6 60 2 2 3781
7 60 2 2 3782
8 60 2 2 3783
9 60 2 2 3784
10 60 2 2 3785
11 60 2 2 3786
12 60 2 2 3787
13 60 2 2 3788
14 60 2 2 3789
15 60 2 2 3790
16 60 2 2 3791
17 60 2 2 3792
18 60 2 2 3793
19 60 2 2 3794
20 60 2 2 3795
21 60 2 2 3796
22 60 2 2 3797
23 60 2 2 3798
24 60 2 2 3799
25 60 2 2 3800
26 60 2 2 3801
27 60 2 2 3802
28 60 2 2 3803
29 60 2 2 3804
30 60 2 2 3805
31 60 2 2 3806
32 60 2 2 3807
33 60 2 2 3808
34 60 2 2 3809
35 60 2 2 3810
36 60 2 2 3811
37 60 2 2 3812
38 60 2 2 3813
39 60 2 2 3814
40 60 2 2 3815
41 60 2 2 3816
42 60 2 2 3817
43 60 2 2 3818
44 60 2 2 3819
45 60 2 2 3820
46 60 2 2 3821
47 60 2 2 3822
48 60 2 2 3823
49 60 2 2 3824
50 60 2 2 3825
51 60 2 2 3826
52 60 2 2 3827
53 60 2 2 3828
54 60 2 2 3829
55 60 2 2 3830
56 60 2 2 3831
57 60 2 2 3832
58 60 2 2 3833
59 60 2 2 3834
60 60 2 2 3835
61 60 2 2 3836
62 60 2 2 3837
63 60 2 2 3838
64 60 2 2 3839
1 61 2 2 3840
2 61 2 2 3841
3 61 2 2 3842
4 61 2 2 3843
5 61 2 2 3844
6 61 2 2 3845
7 61 2 2 3846
8 61 2 2 3847
9 61 2 2 3848
10 61 2 2 3849
11 61 2 2 3850
12 61 2 2 3851
13 61 2 2 3852
14 61 2 2 3853
15 61 2 2 3854
16 61 2 2 3855
17 61 2 2 3856
18 61 2 2 3857
19 61 2 2 3858
20 61 2 2 3859
21 61 2 2 3860
22 61 2 2 3861
23 61 2 2 3862
24 61 2 2 3863
25 61 2 2 3864
26 61 2 2 3865
27 61 2 2 3866
28 61 2 2 3867
29 61 2 2 3868
30 61 2 2 3869
31 61 2 2 3870
32 61 2 2 3871
33 61 2 2 3872
34 61 2 2 3873
35 61 2 2 3874
36 61 2 2 3875
37 61 2 2 3876
38 61 2 2 3877
39 61 2 2 3878
40 61 2 2 3879
41 61 2 2 3880
42 61 2 2 3881
43 61 2 2 3882
44 61 2 2 3883
45 61 2 2 3884
46 61 2 2 3885
47 61 2 2 3886
48 61 2 2 3887
49 61 2 2 3888
50 61 2 2 3889
51 61 2 2 3890
52 61 2 2 3891
53 61 2 2 3892
54 61 2 2 3893
55 61 2 2 3894
56 61 2 2 3895
57 61 2 2 3896
58 61 2 2 3897
59 61 2 2 3898
60 61 2 2 3899
61 61 2 2 3900
62 61 2 2 3901
63 61 2 2 3902
64 61 2 2 3903
1 62 2 2 3904
2 62 2 2 3905
3 62 2 2 3906
4 62 2 2 3907
5 62 2 2 3908
6 62 2 2 3909
7 62 2 2 3910
8 62 2 2 3911
9 62 2 2 3912
10 62 2 2 3913
11 62 2 2 3914
12 62 2 2 3915
13 62 2 2 3916
14 62 2 2 3917
15 62 2 2 3918
16 62 2 2 3919
17 62 2 2 3920
18 62 2 2 3921
19 62 2 2 3922
20 62 2 2 3923
21 62 2 2 3924
22 62 2 2 3925
23 62 2 2 3926
24 62 2 2 3927
25 62 2 2 3928
26 62 2 2 3929
27 62 2 2 3930
28 62 2 2 3931
29 62 2 2 3932
30 62 2 2 3933
31 62 2 2 3934
32 62 2 2 3935
33 62 2 2 3936
34 62 2 2 3937
35 62 2 2 3938
36 62 2 2 3939
37 62 2 2 3940
38 62 2 2 3941
39 62 2 2 3942
40 62 2 2 3943
41 62 2 2 3944
42 62 2 2 3945
43 62 2 2 3946
44 62 2 2 3947
45 62 2 2 3948
46 62 2 2 3949
47 62 2 2 3950
48 62 2 2 3951
49 62 2 2 3952
50 62 2 2 3953
51 62 2 2 3954
52 62 2 2 3955
53 62 2 2 3956
54 62 2 2 3957
55 62 2 2 3958
56 62 2 2 3959
57 62 2 2 3960
58 62 2 2 3961
59 62 2 2 3962
60 62 2 2 3963
61 62 2 2 3964
62 62 2 2 3965
63 62 2 2 3966
64 62 2 2 3967
1 63 2 2 3968
2 63 2 2 3969
3 63 2 2 3970
4 63 2 2 3971
5 63 2 2 3972
6 63 2 2 3973
7 63 2 2 3974
8 63 2 2 3975
9 63 2 2 3976
10 63 2 2 3977
11 63 2 2 3978
12 63 2 2 3979
13 63 2 2 3980
14 63 2 2 3981
15 63 2 2 3982
16 63 2 2 3983
17 63 2 2 3984
18 63 2 2 3985
19 63 2 2 3986
20 63 2 2 3987
21 63 2 2 3988
22 63 2 2 3989
23 63 2 2 3990
24 63 2 2 3991
25 63 2 2 3992
26 63 2 2 3993
27 63 2 2 3994
28 63 2 2 3995
29 63 2 2 3996
30 63 2 2 3997
31 63 2 2 3998
32 63 2 2 3999
33 63 2 2 4000
34 63 2 2 4001
35 63 2 2 4002
36 63 2 2 4003
37 63 2 2 4004
38 63 2 2 4005
39 63 2 2 4006
40 63 2 2 4007
41 63 2 2 4008
42 63 2 2 4009
43 63 2 2 4010
44 63 2 2 4011
45 63 2 2 4012
46 63 2 2 4013
47 63 2 2 4014
48 63 2 2 4015
49 63 2 2 4016
50 63 2 2 4017
51 63 2 2 4018
52 63 2 2 4019
53 63 2 2 4020
54 63 2 2 4021
55 63 2 2 4022
56 63 2 2 4023
57 63 2 2 4024
58 63 2 2 4025
59 63 2 2 4026
60 63 2 2 4027
61 63 2 2 4028
62 63 2 2 4029
63 63 2 2 4030
64 63 2 2 4031
1 64 2 2 4032
2 64 2 2 4033
3 64 2 2 4034
4 64 2 2 4035
5 64 2 2 4036
6 64 2 2 4037
7 64 2 2 4038
8 64 2 2 4039
9 64 2 2 4040
10 64 2 2 4041
11 64 2 2 4042
12 64 2 2 4043
13 64 2 2 4044
14 64 2 2 4045
15 64 2 2 4046
16 64 2 2 4047
17 64 2 2 4048
18 64 2 2 4049
19 64 2 2 4050
20 64 2 2 4051
21 64 2 2 4052
22 64 2 2 4053
23 64 2 2 4054
24 64 2 2 4055
25 64 2 2 4056
26 64 2 2 4057
27 64 2 2 4058
28 64 2 2 4059
29 64 2 2 4060
30 64 2 2 4061
31 64 2 2 4062
32 64 2 2 4063
33 64 2 2 4064
34 64 2 2 4065
35 64 2 2 4066
36 64 2 2 4067
37 64 2 2 4068
38 64 2 2 4069
39 64 2 2 4070
40 64 2 2 4071
41 64 2 2 4072
42 64 2 2 4073
43 64 2 2 4074
44 64 2 2 4075
45 64 2 2 4076
46 64 2 2 4077
47 64 2 2 4078
48 64 2 2 4079
49 64 2 2 4080
50 64 2 2 4081
51 64 2 2 4082
52 64 2 2 4083
53 64 2 2 4084
54 64 2 2 4085
55 64 2 2 4086
56 64 2 2 4087
57 64 2 2 4088
58 64 2 2 4089
59 64 2 2 4090
60 64 2 2 4091
61 64 2 2 4092
62 64 2 2 4093
63 64 2 2 4094
64 64 2 2 4095
