1600
2080
2080
1	1	2	2	0
2	1	2	2	1
3	1	2	2	2
4	1	2	2	3
5	1	2	2	4
6	1	2	2	5
7	1	2	2	6
8	1	2	2	7
9	1	2	2	8
10	1	2	2	9
11	1	2	2	10
12	1	2	2	11
13	1	2	2	12
14	1	2	2	13
15	1	2	2	14
16	1	2	2	15
17	1	2	2	16
18	1	2	2	17
19	1	2	2	18
20	1	2	2	19
21	1	2	2	20
22	1	2	2	21
23	1	2	2	22
24	1	2	2	23
25	1	2	2	24
26	1	2	2	25
27	1	2	2	26
28	1	2	2	27
29	1	2	2	28
30	1	2	2	29
31	1	2	2	30
32	1	2	2	31
33	1	2	2	32
34	1	2	2	33
35	1	2	2	34
36	1	2	2	35
37	1	2	2	36
38	1	2	2	37
39	1	2	2	38
40	1	2	2	39
1	2	2	2	40
2	2	2	2	41
3	2	2	2	42
4	2	2	2	43
5	2	2	2	44
6	2	2	2	45
7	2	2	2	46
8	2	2	2	47
9	2	2	2	48
10	2	2	2	49
11	2	2	2	50
12	2	2	2	51
13	2	2	2	52
14	2	2	2	53
15	2	2	2	54
16	2	2	2	55
17	2	2	2	56
18	2	2	2	57
19	2	2	2	58
20	2	2	2	59
21	2	2	2	60
22	2	2	2	61
23	2	2	2	62
24	2	2	2	63
25	2	2	2	64
26	2	2	2	65
27	2	2	2	66
28	2	2	2	67
29	2	2	2	68
30	2	2	2	69
31	2	2	2	70
32	2	2	2	71
33	2	2	2	72
34	2	2	2	73
35	2	2	2	74
36	2	2	2	75
37	2	2	2	76
38	2	2	2	77
39	2	2	2	78
40	2	2	2	79
1	3	2	2	80
2	3	2	2	81
3	3	2	2	82
4	3	2	2	83
5	3	2	2	84
6	3	2	2	85
7	3	2	2	86
8	3	2	2	87
9	3	2	2	88
10	3	2	2	89
11	3	2	2	90
12	3	2	2	91
13	3	2	2	92
14	3	2	2	93
15	3	2	2	94
16	3	2	2	95
17	3	2	2	96
18	3	2	2	97
19	3	2	2	98
20	3	2	2	99
21	3	2	2	100
22	3	2	2	101
23	3	2	2	102
24	3	2	2	103
25	3	2	2	104
26	3	2	2	105
27	3	2	2	106
28	3	2	2	107
29	3	2	2	108
30	3	2	2	109
31	3	2	2	110
32	3	2	2	111
33	3	2	2	112
34	3	2	2	113
35	3	2	2	114
36	3	2	2	115
37	3	2	2	116
38	3	2	2	117
39	3	2	2	118
40	3	2	2	119
1	4	2	2	120
2	4	2	2	121
3	4	2	2	122
4	4	2	2	123
5	4	2	2	124
6	4	2	2	125
7	4	2	2	126
8	4	2	2	127
9	4	2	2	128
10	4	2	2	129
11	4	2	2	130
12	4	2	2	131
13	4	2	2	132
14	4	2	2	133
15	4	2	2	134
16	4	2	2	135
17	4	2	2	136
18	4	2	2	137
19	4	2	2	138
20	4	2	2	139
21	4	2	2	140
22	4	2	2	141
23	4	2	2	142
24	4	2	2	143
25	4	2	2	144
26	4	2	2	145
27	4	2	2	146
28	4	2	2	147
29	4	2	2	148
30	4	2	2	149
31	4	2	2	150
32	4	2	2	151
33	4	2	2	152
34	4	2	2	153
35	4	2	2	154
36	4	2	2	155
37	4	2	2	156
38	4	2	2	157
39	4	2	2	158
40	4	2	2	159
1	5	2	2	160
2	5	2	2	161
3	5	2	2	162
4	5	2	2	163
5	5	2	2	164
6	5	2	2	165
7	5	2	2	166
8	5	2	2	167
9	5	2	2	168
10	5	2	2	169
11	5	2	2	170
12	5	2	2	171
13	5	2	2	172
14	5	2	2	173
15	5	2	2	174
16	5	2	2	175
17	5	2	2	176
18	5	2	2	177
19	5	2	2	178
20	5	2	2	179
21	5	2	2	180
22	5	2	2	181
23	5	2	2	182
24	5	2	2	183
25	5	2	2	184
26	5	2	2	185
27	5	2	2	186
28	5	2	2	187
29	5	2	2	188
30	5	2	2	189
31	5	2	2	190
32	5	2	2	191
33	5	2	2	192
34	5	2	2	193
35	5	2	2	194
36	5	2	2	195
37	5	2	2	196
38	5	2	2	197
39	5	2	2	198
40	5	2	2	199
1	6	2	2	200
2	6	2	2	201
3	6	2	2	202
4	6	2	2	203
5	6	2	2	204
6	6	2	2	205
7	6	2	2	206
8	6	2	2	207
9	6	2	2	208
10	6	2	2	209
11	6	2	2	210
12	6	2	2	211
13	6	2	2	212
14	6	2	2	213
15	6	2	2	214
16	6	2	2	215
17	6	2	2	216
18	6	2	2	217
19	6	2	2	218
20	6	2	2	219
21	6	2	2	220
22	6	2	2	221
23	6	2	2	222
24	6	2	2	223
25	6	2	2	224
26	6	2	2	225
27	6	2	2	226
28	6	2	2	227
29	6	2	2	228
30	6	2	2	229
31	6	2	2	230
32	6	2	2	231
33	6	2	2	232
34	6	2	2	233
35	6	2	2	234
36	6	2	2	235
37	6	2	2	236
38	6	2	2	237
39	6	2	2	238
40	6	2	2	239
1	7	2	2	240
2	7	2	2	241
3	7	2	2	242
4	7	2	2	243
5	7	2	2	244
6	7	2	2	245
7	7	2	2	246
8	7	2	2	247
9	7	2	2	248
10	7	2	2	249
11	7	2	2	250
12	7	2	2	251
13	7	2	2	252
14	7	2	2	253
15	7	2	2	254
16	7	2	2	255
17	7	2	2	256
18	7	2	2	257
19	7	2	2	258
20	7	2	2	259
21	7	2	2	260
22	7	2	2	261
23	7	2	2	262
24	7	2	2	263
25	7	2	2	264
26	7	2	2	265
27	7	2	2	266
28	7	2	2	267
29	7	2	2	268
30	7	2	2	269
31	7	2	2	270
32	7	2	2	271
33	7	2	2	272
34	7	2	2	273
35	7	2	2	274
36	7	2	2	275
37	7	2	2	276
38	7	2	2	277
39	7	2	2	278
40	7	2	2	279
1	8	2	2	280
2	8	2	2	281
3	8	2	2	282
4	8	2	2	283
5	8	2	2	284
6	8	2	2	285
7	8	2	2	286
8	8	2	2	287
9	8	2	2	288
10	8	2	2	289
11	8	2	2	290
12	8	2	2	291
13	8	2	2	292
14	8	2	2	293
15	8	2	2	294
16	8	2	2	295
17	8	2	2	296
18	8	2	2	297
19	8	2	2	298
20	8	2	2	299
21	8	2	2	300
22	8	2	2	301
23	8	2	2	302
24	8	2	2	303
25	8	2	2	304
26	8	2	2	305
27	8	2	2	306
28	8	2	2	307
29	8	2	2	308
30	8	2	2	309
31	8	2	2	310
32	8	2	2	311
33	8	2	2	312
34	8	2	2	313
35	8	2	2	314
36	8	2	2	315
37	8	2	2	316
38	8	2	2	317
39	8	2	2	318
40	8	2	2	319
1	9	2	2	320
2	9	2	2	321
3	9	2	2	322
4	9	2	2	323
5	9	2	2	324
6	9	2	2	325
7	9	2	2	326
8	9	2	2	327
9	9	2	2	328
10	9	2	2	329
11	9	2	2	330
12	9	2	2	331
13	9	2	2	332
14	9	2	2	333
15	9	2	2	334
16	9	2	2	335
17	9	2	2	336
18	9	2	2	337
19	9	2	2	338
20	9	2	2	339
21	9	2	2	340
22	9	2	2	341
23	9	2	2	342
24	9	2	2	343
25	9	2	2	344
26	9	2	2	345
27	9	2	2	346
28	9	2	2	347
29	9	2	2	348
30	9	2	2	349
31	9	2	2	350
32	9	2	2	351
33	9	2	2	352
34	9	2	2	353
35	9	2	2	354
36	9	2	2	355
37	9	2	2	356
38	9	2	2	357
39	9	2	2	358
40	9	2	2	359
1	10	2	2	360
2	10	2	2	361
3	10	2	2	362
4	10	2	2	363
5	10	2	2	364
6	10	2	2	365
7	10	2	2	366
8	10	2	2	367
9	10	2	2	368
10	10	2	2	369
11	10	2	2	370
12	10	2	2	371
13	10	2	2	372
14	10	2	2	373
15	10	2	2	374
16	10	2	2	375
17	10	2	2	376
18	10	2	2	377
19	10	2	2	378
20	10	2	2	379
21	10	2	2	380
22	10	2	2	381
23	10	2	2	382
24	10	2	2	383
25	10	2	2	384
26	10	2	2	385
27	10	2	2	386
28	10	2	2	387
29	10	2	2	388
30	10	2	2	389
31	10	2	2	390
32	10	2	2	391
33	10	2	2	392
34	10	2	2	393
35	10	2	2	394
36	10	2	2	395
37	10	2	2	396
38	10	2	2	397
39	10	2	2	398
40	10	2	2	399
1	11	2	2	400
2	11	2	2	401
3	11	2	2	402
4	11	2	2	403
5	11	2	2	404
6	11	2	2	405
7	11	2	2	406
8	11	2	2	407
9	11	2	2	408
10	11	2	2	409
11	11	2	2	410
12	11	2	2	411
13	11	2	2	412
14	11	2	2	413
15	11	2	2	414
16	11	2	2	415
17	11	2	2	416
18	11	2	2	417
19	11	2	2	418
20	11	2	2	419
21	11	2	2	420
22	11	2	2	421
23	11	2	2	422
24	11	2	2	423
25	11	2	2	424
26	11	2	2	425
27	11	2	2	426
28	11	2	2	427
29	11	2	2	428
30	11	2	2	429
31	11	2	2	430
32	11	2	2	431
33	11	2	2	432
34	11	2	2	433
35	11	2	2	434
36	11	2	2	435
37	11	2	2	436
38	11	2	2	437
39	11	2	2	438
40	11	2	2	439
1	12	2	2	440
2	12	2	2	441
3	12	2	2	442
4	12	2	2	443
5	12	2	2	444
6	12	2	2	445
7	12	2	2	446
8	12	2	2	447
9	12	2	2	448
10	12	2	2	449
11	12	2	2	450
12	12	2	2	451
13	12	2	2	452
14	12	2	2	453
15	12	2	2	454
16	12	2	2	455
17	12	2	2	456
18	12	2	2	457
19	12	2	2	458
20	12	2	2	459
21	12	2	2	460
22	12	2	2	461
23	12	2	2	462
24	12	2	2	463
25	12	2	2	464
26	12	2	2	465
27	12	2	2	466
28	12	2	2	467
29	12	2	2	468
30	12	2	2	469
31	12	2	2	470
32	12	2	2	471
33	12	2	2	472
34	12	2	2	473
35	12	2	2	474
36	12	2	2	475
37	12	2	2	476
38	12	2	2	477
39	12	2	2	478
40	12	2	2	479
1	13	2	2	480
2	13	2	2	481
3	13	2	2	482
4	13	2	2	483
5	13	2	2	484
6	13	2	2	485
7	13	2	2	486
8	13	2	2	487
9	13	2	2	488
10	13	2	2	489
11	13	2	2	490
12	13	2	2	491
13	13	2	2	492
14	13	2	2	493
15	13	2	2	494
16	13	2	2	495
17	13	2	2	496
18	13	2	2	497
19	13	2	2	498
20	13	2	2	499
21	13	2	2	500
22	13	2	2	501
23	13	2	2	502
24	13	2	2	503
25	13	2	2	504
26	13	2	2	505
27	13	2	2	506
28	13	2	2	507
29	13	2	2	508
30	13	2	2	509
31	13	2	2	510
32	13	2	2	511
33	13	2	2	512
34	13	2	2	513
35	13	2	2	514
36	13	2	2	515
37	13	2	2	516
38	13	2	2	517
39	13	2	2	518
40	13	2	2	519
1	14	2	2	520
2	14	2	2	521
3	14	2	2	522
4	14	2	2	523
5	14	2	2	524
6	14	2	2	525
7	14	2	2	526
8	14	2	2	527
9	14	2	2	528
10	14	2	2	529
11	14	2	2	530
12	14	2	2	531
13	14	2	2	532
14	14	2	2	533
15	14	2	2	534
16	14	2	2	535
17	14	2	2	536
18	14	2	2	537
19	14	2	2	538
20	14	2	2	539
21	14	2	2	540
22	14	2	2	541
23	14	2	2	542
24	14	2	2	543
25	14	2	2	544
26	14	2	2	545
27	14	2	2	546
28	14	2	2	547
29	14	2	2	548
30	14	2	2	549
31	14	2	2	550
32	14	2	2	551
33	14	2	2	552
34	14	2	2	553
35	14	2	2	554
36	14	2	2	555
37	14	2	2	556
38	14	2	2	557
39	14	2	2	558
40	14	2	2	559
1	15	2	2	560
2	15	2	2	561
3	15	2	2	562
4	15	2	2	563
5	15	2	2	564
6	15	2	2	565
7	15	2	2	566
8	15	2	2	567
9	15	2	2	568
10	15	2	2	569
11	15	2	2	570
12	15	2	2	571
13	15	2	2	572
14	15	2	2	573
15	15	2	2	574
16	15	2	2	575
17	15	2	2	576
18	15	2	2	577
19	15	2	2	578
20	15	2	2	579
21	15	2	2	580
22	15	2	2	581
23	15	2	2	582
24	15	2	2	583
25	15	2	2	584
26	15	2	2	585
27	15	2	2	586
28	15	2	2	587
29	15	2	2	588
30	15	2	2	589
31	15	2	2	590
32	15	2	2	591
33	15	2	2	592
34	15	2	2	593
35	15	2	2	594
36	15	2	2	595
37	15	2	2	596
38	15	2	2	597
39	15	2	2	598
40	15	2	2	599
1	16	2	2	600
2	16	2	2	601
3	16	2	2	602
4	16	2	2	603
5	16	2	2	604
6	16	2	2	605
7	16	2	2	606
8	16	2	2	607
9	16	2	2	608
10	16	2	2	609
11	16	2	2	610
12	16	2	2	611
13	16	2	2	612
14	16	2	2	613
15	16	2	2	614
16	16	2	2	615
17	16	2	2	616
18	16	2	2	617
19	16	2	2	618
20	16	2	2	619
21	16	2	2	620
22	16	2	2	621
23	16	2	2	622
24	16	2	2	623
25	16	2	2	624
26	16	2	2	625
27	16	2	2	626
28	16	2	2	627
29	16	2	2	628
30	16	2	2	629
31	16	2	2	630
32	16	2	2	631
33	16	2	2	632
34	16	2	2	633
35	16	2	2	634
36	16	2	2	635
37	16	2	2	636
38	16	2	2	637
39	16	2	2	638
40	16	2	2	639
1	17	2	2	640
2	17	2	2	641
3	17	2	2	642
4	17	2	2	643
5	17	2	2	644
6	17	2	2	645
7	17	2	2	646
8	17	2	2	647
9	17	2	2	648
10	17	2	2	649
11	17	2	2	650
12	17	2	2	651
13	17	2	2	652
14	17	2	2	653
15	17	2	2	654
16	17	2	2	655
17	17	2	2	656
18	17	2	2	657
19	17	2	2	658
20	17	2	2	659
21	17	2	2	660
22	17	2	2	661
23	17	2	2	662
24	17	2	2	663
25	17	2	2	664
26	17	2	2	665
27	17	2	2	666
28	17	2	2	667
29	17	2	2	668
30	17	2	2	669
31	17	2	2	670
32	17	2	2	671
33	17	2	2	672
34	17	2	2	673
35	17	2	2	674
36	17	2	2	675
37	17	2	2	676
38	17	2	2	677
39	17	2	2	678
40	17	2	2	679
1	18	2	2	680
2	18	2	2	681
3	18	2	2	682
4	18	2	2	683
5	18	2	2	684
6	18	2	2	685
7	18	2	2	686
8	18	2	2	687
9	18	2	2	688
10	18	2	2	689
11	18	2	2	690
12	18	2	2	691
13	18	2	2	692
14	18	2	2	693
15	18	2	2	694
16	18	2	2	695
17	18	2	2	696
18	18	2	2	697
19	18	2	2	698
20	18	2	2	699
21	18	2	2	700
22	18	2	2	701
23	18	2	2	702
24	18	2	2	703
25	18	2	2	704
26	18	2	2	705
27	18	2	2	706
28	18	2	2	707
29	18	2	2	708
30	18	2	2	709
31	18	2	2	710
32	18	2	2	711
33	18	2	2	712
34	18	2	2	713
35	18	2	2	714
36	18	2	2	715
37	18	2	2	716
38	18	2	2	717
39	18	2	2	718
40	18	2	2	719
1	19	2	2	720
2	19	2	2	721
3	19	2	2	722
4	19	2	2	723
5	19	2	2	724
6	19	2	2	725
7	19	2	2	726
8	19	2	2	727
9	19	2	2	728
10	19	2	2	729
11	19	2	2	730
12	19	2	2	731
13	19	2	2	732
14	19	2	2	733
15	19	2	2	734
16	19	2	2	735
17	19	2	2	736
18	19	2	2	737
19	19	2	2	738
20	19	2	2	739
21	19	2	2	740
22	19	2	2	741
23	19	2	2	742
24	19	2	2	743
25	19	2	2	744
26	19	2	2	745
27	19	2	2	746
28	19	2	2	747
29	19	2	2	748
30	19	2	2	749
31	19	2	2	750
32	19	2	2	751
33	19	2	2	752
34	19	2	2	753
35	19	2	2	754
36	19	2	2	755
37	19	2	2	756
38	19	2	2	757
39	19	2	2	758
40	19	2	2	759
1	20	2	2	760
2	20	2	2	761
3	20	2	2	762
4	20	2	2	763
5	20	2	2	764
6	20	2	2	765
7	20	2	2	766
8	20	2	2	767
9	20	2	2	768
10	20	2	2	769
11	20	2	2	770
12	20	2	2	771
13	20	2	2	772
14	20	2	2	773
15	20	2	2	774
16	20	2	2	775
17	20	2	2	776
18	20	2	2	777
19	20	2	2	778
20	20	2	2	779
21	20	2	2	780
22	20	2	2	781
23	20	2	2	782
24	20	2	2	783
25	20	2	2	784
26	20	2	2	785
27	20	2	2	786
28	20	2	2	787
29	20	2	2	788
30	20	2	2	789
31	20	2	2	790
32	20	2	2	791
33	20	2	2	792
34	20	2	2	793
35	20	2	2	794
36	20	2	2	795
37	20	2	2	796
38	20	2	2	797
39	20	2	2	798
40	20	2	2	799
1	21	2	2	800
2	21	2	2	801
3	21	2	2	802
4	21	2	2	803
5	21	2	2	804
6	21	2	2	805
7	21	2	2	806
8	21	2	2	807
9	21	2	2	808
10	21	2	2	809
11	21	2	2	810
12	21	2	2	811
13	21	2	2	812
14	21	2	2	813
15	21	2	2	814
16	21	2	2	815
17	21	2	2	816
18	21	2	2	817
19	21	2	2	818
20	21	2	2	819
21	21	2	2	820
22	21	2	2	821
23	21	2	2	822
24	21	2	2	823
25	21	2	2	824
26	21	2	2	825
27	21	2	2	826
28	21	2	2	827
29	21	2	2	828
30	21	2	2	829
31	21	2	2	830
32	21	2	2	831
33	21	2	2	832
34	21	2	2	833
35	21	2	2	834
36	21	2	2	835
37	21	2	2	836
38	21	2	2	837
39	21	2	2	838
40	21	2	2	839
1	22	2	2	840
2	22	2	2	841
3	22	2	2	842
4	22	2	2	843
5	22	2	2	844
6	22	2	2	845
7	22	2	2	846
8	22	2	2	847
9	22	2	2	848
10	22	2	2	849
11	22	2	2	850
12	22	2	2	851
13	22	2	2	852
14	22	2	2	853
15	22	2	2	854
16	22	2	2	855
17	22	2	2	856
18	22	2	2	857
19	22	2	2	858
20	22	2	2	859
21	22	2	2	860
22	22	2	2	861
23	22	2	2	862
24	22	2	2	863
25	22	2	2	864
26	22	2	2	865
27	22	2	2	866
28	22	2	2	867
29	22	2	2	868
30	22	2	2	869
31	22	2	2	870
32	22	2	2	871
33	22	2	2	872
34	22	2	2	873
35	22	2	2	874
36	22	2	2	875
37	22	2	2	876
38	22	2	2	877
39	22	2	2	878
40	22	2	2	879
1	23	2	2	880
2	23	2	2	881
3	23	2	2	882
4	23	2	2	883
5	23	2	2	884
6	23	2	2	885
7	23	2	2	886
8	23	2	2	887
9	23	2	2	888
10	23	2	2	889
11	23	2	2	890
12	23	2	2	891
13	23	2	2	892
14	23	2	2	893
15	23	2	2	894
16	23	2	2	895
17	23	2	2	896
18	23	2	2	897
19	23	2	2	898
20	23	2	2	899
21	23	2	2	900
22	23	2	2	901
23	23	2	2	902
24	23	2	2	903
25	23	2	2	904
26	23	2	2	905
27	23	2	2	906
28	23	2	2	907
29	23	2	2	908
30	23	2	2	909
31	23	2	2	910
32	23	2	2	911
33	23	2	2	912
34	23	2	2	913
35	23	2	2	914
36	23	2	2	915
37	23	2	2	916
38	23	2	2	917
39	23	2	2	918
40	23	2	2	919
1	24	2	2	920
2	24	2	2	921
3	24	2	2	922
4	24	2	2	923
5	24	2	2	924
6	24	2	2	925
7	24	2	2	926
8	24	2	2	927
9	24	2	2	928
10	24	2	2	929
11	24	2	2	930
12	24	2	2	931
13	24	2	2	932
14	24	2	2	933
15	24	2	2	934
16	24	2	2	935
17	24	2	2	936
18	24	2	2	937
19	24	2	2	938
20	24	2	2	939
21	24	2	2	940
22	24	2	2	941
23	24	2	2	942
24	24	2	2	943
25	24	2	2	944
26	24	2	2	945
27	24	2	2	946
28	24	2	2	947
29	24	2	2	948
30	24	2	2	949
31	24	2	2	950
32	24	2	2	951
33	24	2	2	952
34	24	2	2	953
35	24	2	2	954
36	24	2	2	955
37	24	2	2	956
38	24	2	2	957
39	24	2	2	958
40	24	2	2	959
1	25	2	2	960
2	25	2	2	961
3	25	2	2	962
4	25	2	2	963
5	25	2	2	964
6	25	2	2	965
7	25	2	2	966
8	25	2	2	967
9	25	2	2	968
10	25	2	2	969
11	25	2	2	970
12	25	2	2	971
13	25	2	2	972
14	25	2	2	973
15	25	2	2	974
16	25	2	2	975
17	25	2	2	976
18	25	2	2	977
19	25	2	2	978
20	25	2	2	979
21	25	2	2	980
22	25	2	2	981
23	25	2	2	982
24	25	2	2	983
25	25	2	2	984
26	25	2	2	985
27	25	2	2	986
28	25	2	2	987
29	25	2	2	988
30	25	2	2	989
31	25	2	2	990
32	25	2	2	991
33	25	2	2	992
34	25	2	2	993
35	25	2	2	994
36	25	2	2	995
37	25	2	2	996
38	25	2	2	997
39	25	2	2	998
40	25	2	2	999
1	26	2	2	1000
2	26	2	2	1001
3	26	2	2	1002
4	26	2	2	1003
5	26	2	2	1004
6	26	2	2	1005
7	26	2	2	1006
8	26	2	2	1007
9	26	2	2	1008
10	26	2	2	1009
11	26	2	2	1010
12	26	2	2	1011
13	26	2	2	1012
14	26	2	2	1013
15	26	2	2	1014
16	26	2	2	1015
17	26	2	2	1016
18	26	2	2	1017
19	26	2	2	1018
20	26	2	2	1019
21	26	2	2	1020
22	26	2	2	1021
23	26	2	2	1022
24	26	2	2	1023
25	26	2	2	1024
26	26	2	2	1025
27	26	2	2	1026
28	26	2	2	1027
29	26	2	2	1028
30	26	2	2	1029
31	26	2	2	1030
32	26	2	2	1031
33	26	2	2	1032
34	26	2	2	1033
35	26	2	2	1034
36	26	2	2	1035
37	26	2	2	1036
38	26	2	2	1037
39	26	2	2	1038
40	26	2	2	1039
1	27	2	2	1040
2	27	2	2	1041
3	27	2	2	1042
4	27	2	2	1043
5	27	2	2	1044
6	27	2	2	1045
7	27	2	2	1046
8	27	2	2	1047
9	27	2	2	1048
10	27	2	2	1049
11	27	2	2	1050
12	27	2	2	1051
13	27	2	2	1052
14	27	2	2	1053
15	27	2	2	1054
16	27	2	2	1055
17	27	2	2	1056
18	27	2	2	1057
19	27	2	2	1058
20	27	2	2	1059
21	27	2	2	1060
22	27	2	2	1061
23	27	2	2	1062
24	27	2	2	1063
25	27	2	2	1064
26	27	2	2	1065
27	27	2	2	1066
28	27	2	2	1067
29	27	2	2	1068
30	27	2	2	1069
31	27	2	2	1070
32	27	2	2	1071
33	27	2	2	1072
34	27	2	2	1073
35	27	2	2	1074
36	27	2	2	1075
37	27	2	2	1076
38	27	2	2	1077
39	27	2	2	1078
40	27	2	2	1079
1	28	2	2	1080
2	28	2	2	1081
3	28	2	2	1082
4	28	2	2	1083
5	28	2	2	1084
6	28	2	2	1085
7	28	2	2	1086
8	28	2	2	1087
9	28	2	2	1088
10	28	2	2	1089
11	28	2	2	1090
12	28	2	2	1091
13	28	2	2	1092
14	28	2	2	1093
15	28	2	2	1094
16	28	2	2	1095
17	28	2	2	1096
18	28	2	2	1097
19	28	2	2	1098
20	28	2	2	1099
21	28	2	2	1100
22	28	2	2	1101
23	28	2	2	1102
24	28	2	2	1103
25	28	2	2	1104
26	28	2	2	1105
27	28	2	2	1106
28	28	2	2	1107
29	28	2	2	1108
30	28	2	2	1109
31	28	2	2	1110
32	28	2	2	1111
33	28	2	2	1112
34	28	2	2	1113
35	28	2	2	1114
36	28	2	2	1115
37	28	2	2	1116
38	28	2	2	1117
39	28	2	2	1118
40	28	2	2	1119
1	29	2	2	1120
2	29	2	2	1121
3	29	2	2	1122
4	29	2	2	1123
5	29	2	2	1124
6	29	2	2	1125
7	29	2	2	1126
8	29	2	2	1127
9	29	2	2	1128
10	29	2	2	1129
11	29	2	2	1130
12	29	2	2	1131
13	29	2	2	1132
14	29	2	2	1133
15	29	2	2	1134
16	29	2	2	1135
17	29	2	2	1136
18	29	2	2	1137
19	29	2	2	1138
20	29	2	2	1139
21	29	2	2	1140
22	29	2	2	1141
23	29	2	2	1142
24	29	2	2	1143
25	29	2	2	1144
26	29	2	2	1145
27	29	2	2	1146
28	29	2	2	1147
29	29	2	2	1148
30	29	2	2	1149
31	29	2	2	1150
32	29	2	2	1151
33	29	2	2	1152
34	29	2	2	1153
35	29	2	2	1154
36	29	2	2	1155
37	29	2	2	1156
38	29	2	2	1157
39	29	2	2	1158
40	29	2	2	1159
1	30	2	2	1160
2	30	2	2	1161
3	30	2	2	1162
4	30	2	2	1163
5	30	2	2	1164
6	30	2	2	1165
7	30	2	2	1166
8	30	2	2	1167
9	30	2	2	1168
10	30	2	2	1169
11	30	2	2	1170
12	30	2	2	1171
13	30	2	2	1172
14	30	2	2	1173
15	30	2	2	1174
16	30	2	2	1175
17	30	2	2	1176
18	30	2	2	1177
19	30	2	2	1178
20	30	2	2	1179
21	30	2	2	1180
22	30	2	2	1181
23	30	2	2	1182
24	30	2	2	1183
25	30	2	2	1184
26	30	2	2	1185
27	30	2	2	1186
28	30	2	2	1187
29	30	2	2	1188
30	30	2	2	1189
31	30	2	2	1190
32	30	2	2	1191
33	30	2	2	1192
34	30	2	2	1193
35	30	2	2	1194
36	30	2	2	1195
37	30	2	2	1196
38	30	2	2	1197
39	30	2	2	1198
40	30	2	2	1199
1	31	2	2	1200
2	31	2	2	1201
3	31	2	2	1202
4	31	2	2	1203
5	31	2	2	1204
6	31	2	2	1205
7	31	2	2	1206
8	31	2	2	1207
9	31	2	2	1208
10	31	2	2	1209
11	31	2	2	1210
12	31	2	2	1211
13	31	2	2	1212
14	31	2	2	1213
15	31	2	2	1214
16	31	2	2	1215
17	31	2	2	1216
18	31	2	2	1217
19	31	2	2	1218
20	31	2	2	1219
21	31	2	2	1220
22	31	2	2	1221
23	31	2	2	1222
24	31	2	2	1223
25	31	2	2	1224
26	31	2	2	1225
27	31	2	2	1226
28	31	2	2	1227
29	31	2	2	1228
30	31	2	2	1229
31	31	2	2	1230
32	31	2	2	1231
33	31	2	2	1232
34	31	2	2	1233
35	31	2	2	1234
36	31	2	2	1235
37	31	2	2	1236
38	31	2	2	1237
39	31	2	2	1238
40	31	2	2	1239
1	32	2	2	1240
2	32	2	2	1241
3	32	2	2	1242
4	32	2	2	1243
5	32	2	2	1244
6	32	2	2	1245
7	32	2	2	1246
8	32	2	2	1247
9	32	2	2	1248
10	32	2	2	1249
11	32	2	2	1250
12	32	2	2	1251
13	32	2	2	1252
14	32	2	2	1253
15	32	2	2	1254
16	32	2	2	1255
17	32	2	2	1256
18	32	2	2	1257
19	32	2	2	1258
20	32	2	2	1259
21	32	2	2	1260
22	32	2	2	1261
23	32	2	2	1262
24	32	2	2	1263
25	32	2	2	1264
26	32	2	2	1265
27	32	2	2	1266
28	32	2	2	1267
29	32	2	2	1268
30	32	2	2	1269
31	32	2	2	1270
32	32	2	2	1271
33	32	2	2	1272
34	32	2	2	1273
35	32	2	2	1274
36	32	2	2	1275
37	32	2	2	1276
38	32	2	2	1277
39	32	2	2	1278
40	32	2	2	1279
1	33	2	2	1280
2	33	2	2	1281
3	33	2	2	1282
4	33	2	2	1283
5	33	2	2	1284
6	33	2	2	1285
7	33	2	2	1286
8	33	2	2	1287
9	33	2	2	1288
10	33	2	2	1289
11	33	2	2	1290
12	33	2	2	1291
13	33	2	2	1292
14	33	2	2	1293
15	33	2	2	1294
16	33	2	2	1295
17	33	2	2	1296
18	33	2	2	1297
19	33	2	2	1298
20	33	2	2	1299
21	33	2	2	1300
22	33	2	2	1301
23	33	2	2	1302
24	33	2	2	1303
25	33	2	2	1304
26	33	2	2	1305
27	33	2	2	1306
28	33	2	2	1307
29	33	2	2	1308
30	33	2	2	1309
31	33	2	2	1310
32	33	2	2	1311
33	33	2	2	1312
34	33	2	2	1313
35	33	2	2	1314
36	33	2	2	1315
37	33	2	2	1316
38	33	2	2	1317
39	33	2	2	1318
40	33	2	2	1319
1	34	2	2	1320
2	34	2	2	1321
3	34	2	2	1322
4	34	2	2	1323
5	34	2	2	1324
6	34	2	2	1325
7	34	2	2	1326
8	34	2	2	1327
9	34	2	2	1328
10	34	2	2	1329
11	34	2	2	1330
12	34	2	2	1331
13	34	2	2	1332
14	34	2	2	1333
15	34	2	2	1334
16	34	2	2	1335
17	34	2	2	1336
18	34	2	2	1337
19	34	2	2	1338
20	34	2	2	1339
21	34	2	2	1340
22	34	2	2	1341
23	34	2	2	1342
24	34	2	2	1343
25	34	2	2	1344
26	34	2	2	1345
27	34	2	2	1346
28	34	2	2	1347
29	34	2	2	1348
30	34	2	2	1349
31	34	2	2	1350
32	34	2	2	1351
33	34	2	2	1352
34	34	2	2	1353
35	34	2	2	1354
36	34	2	2	1355
37	34	2	2	1356
38	34	2	2	1357
39	34	2	2	1358
40	34	2	2	1359
1	35	2	2	1360
2	35	2	2	1361
3	35	2	2	1362
4	35	2	2	1363
5	35	2	2	1364
6	35	2	2	1365
7	35	2	2	1366
8	35	2	2	1367
9	35	2	2	1368
10	35	2	2	1369
11	35	2	2	1370
12	35	2	2	1371
13	35	2	2	1372
14	35	2	2	1373
15	35	2	2	1374
16	35	2	2	1375
17	35	2	2	1376
18	35	2	2	1377
19	35	2	2	1378
20	35	2	2	1379
21	35	2	2	1380
22	35	2	2	1381
23	35	2	2	1382
24	35	2	2	1383
25	35	2	2	1384
26	35	2	2	1385
27	35	2	2	1386
28	35	2	2	1387
29	35	2	2	1388
30	35	2	2	1389
31	35	2	2	1390
32	35	2	2	1391
33	35	2	2	1392
34	35	2	2	1393
35	35	2	2	1394
36	35	2	2	1395
37	35	2	2	1396
38	35	2	2	1397
39	35	2	2	1398
40	35	2	2	1399
1	36	2	2	1400
2	36	2	2	1401
3	36	2	2	1402
4	36	2	2	1403
5	36	2	2	1404
6	36	2	2	1405
7	36	2	2	1406
8	36	2	2	1407
9	36	2	2	1408
10	36	2	2	1409
11	36	2	2	1410
12	36	2	2	1411
13	36	2	2	1412
14	36	2	2	1413
15	36	2	2	1414
16	36	2	2	1415
17	36	2	2	1416
18	36	2	2	1417
19	36	2	2	1418
20	36	2	2	1419
21	36	2	2	1420
22	36	2	2	1421
23	36	2	2	1422
24	36	2	2	1423
25	36	2	2	1424
26	36	2	2	1425
27	36	2	2	1426
28	36	2	2	1427
29	36	2	2	1428
30	36	2	2	1429
31	36	2	2	1430
32	36	2	2	1431
33	36	2	2	1432
34	36	2	2	1433
35	36	2	2	1434
36	36	2	2	1435
37	36	2	2	1436
38	36	2	2	1437
39	36	2	2	1438
40	36	2	2	1439
1	37	2	2	1440
2	37	2	2	1441
3	37	2	2	1442
4	37	2	2	1443
5	37	2	2	1444
6	37	2	2	1445
7	37	2	2	1446
8	37	2	2	1447
9	37	2	2	1448
10	37	2	2	1449
11	37	2	2	1450
12	37	2	2	1451
13	37	2	2	1452
14	37	2	2	1453
15	37	2	2	1454
16	37	2	2	1455
17	37	2	2	1456
18	37	2	2	1457
19	37	2	2	1458
20	37	2	2	1459
21	37	2	2	1460
22	37	2	2	1461
23	37	2	2	1462
24	37	2	2	1463
25	37	2	2	1464
26	37	2	2	1465
27	37	2	2	1466
28	37	2	2	1467
29	37	2	2	1468
30	37	2	2	1469
31	37	2	2	1470
32	37	2	2	1471
33	37	2	2	1472
34	37	2	2	1473
35	37	2	2	1474
36	37	2	2	1475
37	37	2	2	1476
38	37	2	2	1477
39	37	2	2	1478
40	37	2	2	1479
1	38	2	2	1480
2	38	2	2	1481
3	38	2	2	1482
4	38	2	2	1483
5	38	2	2	1484
6	38	2	2	1485
7	38	2	2	1486
8	38	2	2	1487
9	38	2	2	1488
10	38	2	2	1489
11	38	2	2	1490
12	38	2	2	1491
13	38	2	2	1492
14	38	2	2	1493
15	38	2	2	1494
16	38	2	2	1495
17	38	2	2	1496
18	38	2	2	1497
19	38	2	2	1498
20	38	2	2	1499
21	38	2	2	1500
22	38	2	2	1501
23	38	2	2	1502
24	38	2	2	1503
25	38	2	2	1504
26	38	2	2	1505
27	38	2	2	1506
28	38	2	2	1507
29	38	2	2	1508
30	38	2	2	1509
31	38	2	2	1510
32	38	2	2	1511
33	38	2	2	1512
34	38	2	2	1513
35	38	2	2	1514
36	38	2	2	1515
37	38	2	2	1516
38	38	2	2	1517
39	38	2	2	1518
40	38	2	2	1519
1	39	2	2	1520
2	39	2	2	1521
3	39	2	2	1522
4	39	2	2	1523
5	39	2	2	1524
6	39	2	2	1525
7	39	2	2	1526
8	39	2	2	1527
9	39	2	2	1528
10	39	2	2	1529
11	39	2	2	1530
12	39	2	2	1531
13	39	2	2	1532
14	39	2	2	1533
15	39	2	2	1534
16	39	2	2	1535
17	39	2	2	1536
18	39	2	2	1537
19	39	2	2	1538
20	39	2	2	1539
21	39	2	2	1540
22	39	2	2	1541
23	39	2	2	1542
24	39	2	2	1543
25	39	2	2	1544
26	39	2	2	1545
27	39	2	2	1546
28	39	2	2	1547
29	39	2	2	1548
30	39	2	2	1549
31	39	2	2	1550
32	39	2	2	1551
33	39	2	2	1552
34	39	2	2	1553
35	39	2	2	1554
36	39	2	2	1555
37	39	2	2	1556
38	39	2	2	1557
39	39	2	2	1558
40	39	2	2	1559
1	40	2	2	1560
2	40	2	2	1561
3	40	2	2	1562
4	40	2	2	1563
5	40	2	2	1564
6	40	2	2	1565
7	40	2	2	1566
8	40	2	2	1567
9	40	2	2	1568
10	40	2	2	1569
11	40	2	2	1570
12	40	2	2	1571
13	40	2	2	1572
14	40	2	2	1573
15	40	2	2	1574
16	40	2	2	1575
17	40	2	2	1576
18	40	2	2	1577
19	40	2	2	1578
20	40	2	2	1579
21	40	2	2	1580
22	40	2	2	1581
23	40	2	2	1582
24	40	2	2	1583
25	40	2	2	1584
26	40	2	2	1585
27	40	2	2	1586
28	40	2	2	1587
29	40	2	2	1588
30	40	2	2	1589
31	40	2	2	1590
32	40	2	2	1591
33	40	2	2	1592
34	40	2	2	1593
35	40	2	2	1594
36	40	2	2	1595
37	40	2	2	1596
38	40	2	2	1597
39	40	2	2	1598
40	40	2	2	1599
1	21	2	2	1600
2	21	2	2	1601
3	21	2	2	1602
4	21	2	2	1603
5	21	2	2	1604
6	21	2	2	1605
7	21	2	2	1606
8	21	2	2	1607
9	21	2	2	1608
10	21	2	2	1609
11	21	2	2	1610
12	21	2	2	1611
13	21	2	2	1612
14	21	2	2	1613
15	21	2	2	1614
16	21	2	2	1615
17	21	2	2	1616
18	21	2	2	1617
19	21	2	2	1618
20	21	2	2	1619
21	21	2	2	1620
22	21	2	2	1621
23	21	2	2	1622
24	21	2	2	1623
25	21	2	2	1624
26	21	2	2	1625
27	21	2	2	1626
28	21	2	2	1627
29	21	2	2	1628
30	21	2	2	1629
31	21	2	2	1630
32	21	2	2	1631
33	21	2	2	1632
34	21	2	2	1633
35	21	2	2	1634
36	21	2	2	1635
37	21	2	2	1636
38	21	2	2	1637
39	21	2	2	1638
40	21	2	2	1639
41	21	2	2	1640
42	21	2	2	1641
43	21	2	2	1642
44	21	2	2	1643
45	21	2	2	1644
46	21	2	2	1645
47	21	2	2	1646
48	21	2	2	1647
49	21	2	2	1648
50	21	2	2	1649
51	21	2	2	1650
52	21	2	2	1651
53	21	2	2	1652
54	21	2	2	1653
55	21	2	2	1654
56	21	2	2	1655
57	21	2	2	1656
58	21	2	2	1657
59	21	2	2	1658
60	21	2	2	1659
61	21	2	2	1660
62	21	2	2	1661
63	21	2	2	1662
64	21	2	2	1663
65	21	2	2	1664
66	21	2	2	1665
67	21	2	2	1666
68	21	2	2	1667
69	21	2	2	1668
70	21	2	2	1669
71	21	2	2	1670
72	21	2	2	1671
73	21	2	2	1672
74	21	2	2	1673
75	21	2	2	1674
76	21	2	2	1675
77	21	2	2	1676
78	21	2	2	1677
79	21	2	2	1678
80	21	2	2	1679
1	22	2	2	1680
2	22	2	2	1681
3	22	2	2	1682
4	22	2	2	1683
5	22	2	2	1684
6	22	2	2	1685
7	22	2	2	1686
8	22	2	2	1687
9	22	2	2	1688
10	22	2	2	1689
11	22	2	2	1690
12	22	2	2	1691
13	22	2	2	1692
14	22	2	2	1693
15	22	2	2	1694
16	22	2	2	1695
17	22	2	2	1696
18	22	2	2	1697
19	22	2	2	1698
20	22	2	2	1699
21	22	2	2	1700
22	22	2	2	1701
23	22	2	2	1702
24	22	2	2	1703
25	22	2	2	1704
26	22	2	2	1705
27	22	2	2	1706
28	22	2	2	1707
29	22	2	2	1708
30	22	2	2	1709
31	22	2	2	1710
32	22	2	2	1711
33	22	2	2	1712
34	22	2	2	1713
35	22	2	2	1714
36	22	2	2	1715
37	22	2	2	1716
38	22	2	2	1717
39	22	2	2	1718
40	22	2	2	1719
41	22	2	2	1720
42	22	2	2	1721
43	22	2	2	1722
44	22	2	2	1723
45	22	2	2	1724
46	22	2	2	1725
47	22	2	2	1726
48	22	2	2	1727
49	22	2	2	1728
50	22	2	2	1729
51	22	2	2	1730
52	22	2	2	1731
53	22	2	2	1732
54	22	2	2	1733
55	22	2	2	1734
56	22	2	2	1735
57	22	2	2	1736
58	22	2	2	1737
59	22	2	2	1738
60	22	2	2	1739
61	22	2	2	1740
62	22	2	2	1741
63	22	2	2	1742
64	22	2	2	1743
65	22	2	2	1744
66	22	2	2	1745
67	22	2	2	1746
68	22	2	2	1747
69	22	2	2	1748
70	22	2	2	1749
71	22	2	2	1750
72	22	2	2	1751
73	22	2	2	1752
74	22	2	2	1753
75	22	2	2	1754
76	22	2	2	1755
77	22	2	2	1756
78	22	2	2	1757
79	22	2	2	1758
80	22	2	2	1759
1	23	2	2	1760
2	23	2	2	1761
3	23	2	2	1762
4	23	2	2	1763
5	23	2	2	1764
6	23	2	2	1765
7	23	2	2	1766
8	23	2	2	1767
9	23	2	2	1768
10	23	2	2	1769
11	23	2	2	1770
12	23	2	2	1771
13	23	2	2	1772
14	23	2	2	1773
15	23	2	2	1774
16	23	2	2	1775
17	23	2	2	1776
18	23	2	2	1777
19	23	2	2	1778
20	23	2	2	1779
21	23	2	2	1780
22	23	2	2	1781
23	23	2	2	1782
24	23	2	2	1783
25	23	2	2	1784
26	23	2	2	1785
27	23	2	2	1786
28	23	2	2	1787
29	23	2	2	1788
30	23	2	2	1789
31	23	2	2	1790
32	23	2	2	1791
33	23	2	2	1792
34	23	2	2	1793
35	23	2	2	1794
36	23	2	2	1795
37	23	2	2	1796
38	23	2	2	1797
39	23	2	2	1798
40	23	2	2	1799
41	23	2	2	1800
42	23	2	2	1801
43	23	2	2	1802
44	23	2	2	1803
45	23	2	2	1804
46	23	2	2	1805
47	23	2	2	1806
48	23	2	2	1807
49	23	2	2	1808
50	23	2	2	1809
51	23	2	2	1810
52	23	2	2	1811
53	23	2	2	1812
54	23	2	2	1813
55	23	2	2	1814
56	23	2	2	1815
57	23	2	2	1816
58	23	2	2	1817
59	23	2	2	1818
60	23	2	2	1819
61	23	2	2	1820
62	23	2	2	1821
63	23	2	2	1822
64	23	2	2	1823
65	23	2	2	1824
66	23	2	2	1825
67	23	2	2	1826
68	23	2	2	1827
69	23	2	2	1828
70	23	2	2	1829
71	23	2	2	1830
72	23	2	2	1831
73	23	2	2	1832
74	23	2	2	1833
75	23	2	2	1834
76	23	2	2	1835
77	23	2	2	1836
78	23	2	2	1837
79	23	2	2	1838
80	23	2	2	1839
1	24	2	2	1840
2	24	2	2	1841
3	24	2	2	1842
4	24	2	2	1843
5	24	2	2	1844
6	24	2	2	1845
7	24	2	2	1846
8	24	2	2	1847
9	24	2	2	1848
10	24	2	2	1849
11	24	2	2	1850
12	24	2	2	1851
13	24	2	2	1852
14	24	2	2	1853
15	24	2	2	1854
16	24	2	2	1855
17	24	2	2	1856
18	24	2	2	1857
19	24	2	2	1858
20	24	2	2	1859
21	24	2	2	1860
22	24	2	2	1861
23	24	2	2	1862
24	24	2	2	1863
25	24	2	2	1864
26	24	2	2	1865
27	24	2	2	1866
28	24	2	2	1867
29	24	2	2	1868
30	24	2	2	1869
31	24	2	2	1870
32	24	2	2	1871
33	24	2	2	1872
34	24	2	2	1873
35	24	2	2	1874
36	24	2	2	1875
37	24	2	2	1876
38	24	2	2	1877
39	24	2	2	1878
40	24	2	2	1879
41	24	2	2	1880
42	24	2	2	1881
43	24	2	2	1882
44	24	2	2	1883
45	24	2	2	1884
46	24	2	2	1885
47	24	2	2	1886
48	24	2	2	1887
49	24	2	2	1888
50	24	2	2	1889
51	24	2	2	1890
52	24	2	2	1891
53	24	2	2	1892
54	24	2	2	1893
55	24	2	2	1894
56	24	2	2	1895
57	24	2	2	1896
58	24	2	2	1897
59	24	2	2	1898
60	24	2	2	1899
61	24	2	2	1900
62	24	2	2	1901
63	24	2	2	1902
64	24	2	2	1903
65	24	2	2	1904
66	24	2	2	1905
67	24	2	2	1906
68	24	2	2	1907
69	24	2	2	1908
70	24	2	2	1909
71	24	2	2	1910
72	24	2	2	1911
73	24	2	2	1912
74	24	2	2	1913
75	24	2	2	1914
76	24	2	2	1915
77	24	2	2	1916
78	24	2	2	1917
79	24	2	2	1918
80	24	2	2	1919
1	25	2	2	1920
2	25	2	2	1921
3	25	2	2	1922
4	25	2	2	1923
5	25	2	2	1924
6	25	2	2	1925
7	25	2	2	1926
8	25	2	2	1927
9	25	2	2	1928
10	25	2	2	1929
11	25	2	2	1930
12	25	2	2	1931
13	25	2	2	1932
14	25	2	2	1933
15	25	2	2	1934
16	25	2	2	1935
17	25	2	2	1936
18	25	2	2	1937
19	25	2	2	1938
20	25	2	2	1939
21	25	2	2	1940
22	25	2	2	1941
23	25	2	2	1942
24	25	2	2	1943
25	25	2	2	1944
26	25	2	2	1945
27	25	2	2	1946
28	25	2	2	1947
29	25	2	2	1948
30	25	2	2	1949
31	25	2	2	1950
32	25	2	2	1951
33	25	2	2	1952
34	25	2	2	1953
35	25	2	2	1954
36	25	2	2	1955
37	25	2	2	1956
38	25	2	2	1957
39	25	2	2	1958
40	25	2	2	1959
41	25	2	2	1960
42	25	2	2	1961
43	25	2	2	1962
44	25	2	2	1963
45	25	2	2	1964
46	25	2	2	1965
47	25	2	2	1966
48	25	2	2	1967
49	25	2	2	1968
50	25	2	2	1969
51	25	2	2	1970
52	25	2	2	1971
53	25	2	2	1972
54	25	2	2	1973
55	25	2	2	1974
56	25	2	2	1975
57	25	2	2	1976
58	25	2	2	1977
59	25	2	2	1978
60	25	2	2	1979
61	25	2	2	1980
62	25	2	2	1981
63	25	2	2	1982
64	25	2	2	1983
65	25	2	2	1984
66	25	2	2	1985
67	25	2	2	1986
68	25	2	2	1987
69	25	2	2	1988
70	25	2	2	1989
71	25	2	2	1990
72	25	2	2	1991
73	25	2	2	1992
74	25	2	2	1993
75	25	2	2	1994
76	25	2	2	1995
77	25	2	2	1996
78	25	2	2	1997
79	25	2	2	1998
80	25	2	2	1999
1	26	2	2	2000
2	26	2	2	2001
3	26	2	2	2002
4	26	2	2	2003
5	26	2	2	2004
6	26	2	2	2005
7	26	2	2	2006
8	26	2	2	2007
9	26	2	2	2008
10	26	2	2	2009
11	26	2	2	2010
12	26	2	2	2011
13	26	2	2	2012
14	26	2	2	2013
15	26	2	2	2014
16	26	2	2	2015
17	26	2	2	2016
18	26	2	2	2017
19	26	2	2	2018
20	26	2	2	2019
21	26	2	2	2020
22	26	2	2	2021
23	26	2	2	2022
24	26	2	2	2023
25	26	2	2	2024
26	26	2	2	2025
27	26	2	2	2026
28	26	2	2	2027
29	26	2	2	2028
30	26	2	2	2029
31	26	2	2	2030
32	26	2	2	2031
33	26	2	2	2032
34	26	2	2	2033
35	26	2	2	2034
36	26	2	2	2035
37	26	2	2	2036
38	26	2	2	2037
39	26	2	2	2038
40	26	2	2	2039
41	26	2	2	2040
42	26	2	2	2041
43	26	2	2	2042
44	26	2	2	2043
45	26	2	2	2044
46	26	2	2	2045
47	26	2	2	2046
48	26	2	2	2047
49	26	2	2	2048
50	26	2	2	2049
51	26	2	2	2050
52	26	2	2	2051
53	26	2	2	2052
54	26	2	2	2053
55	26	2	2	2054
56	26	2	2	2055
57	26	2	2	2056
58	26	2	2	2057
59	26	2	2	2058
60	26	2	2	2059
61	26	2	2	2060
62	26	2	2	2061
63	26	2	2	2062
64	26	2	2	2063
65	26	2	2	2064
66	26	2	2	2065
67	26	2	2	2066
68	26	2	2	2067
69	26	2	2	2068
70	26	2	2	2069
71	26	2	2	2070
72	26	2	2	2071
73	26	2	2	2072
74	26	2	2	2073
75	26	2	2	2074
76	26	2	2	2075
77	26	2	2	2076
78	26	2	2	2077
79	26	2	2	2078
80	26	2	2	2079
1	27	2	2	2080
2	27	2	2	2081
3	27	2	2	2082
4	27	2	2	2083
5	27	2	2	2084
6	27	2	2	2085
7	27	2	2	2086
8	27	2	2	2087
9	27	2	2	2088
10	27	2	2	2089
11	27	2	2	2090
12	27	2	2	2091
13	27	2	2	2092
14	27	2	2	2093
15	27	2	2	2094
16	27	2	2	2095
17	27	2	2	2096
18	27	2	2	2097
19	27	2	2	2098
20	27	2	2	2099
21	27	2	2	2100
22	27	2	2	2101
23	27	2	2	2102
24	27	2	2	2103
25	27	2	2	2104
26	27	2	2	2105
27	27	2	2	2106
28	27	2	2	2107
29	27	2	2	2108
30	27	2	2	2109
31	27	2	2	2110
32	27	2	2	2111
33	27	2	2	2112
34	27	2	2	2113
35	27	2	2	2114
36	27	2	2	2115
37	27	2	2	2116
38	27	2	2	2117
39	27	2	2	2118
40	27	2	2	2119
41	27	2	2	2120
42	27	2	2	2121
43	27	2	2	2122
44	27	2	2	2123
45	27	2	2	2124
46	27	2	2	2125
47	27	2	2	2126
48	27	2	2	2127
49	27	2	2	2128
50	27	2	2	2129
51	27	2	2	2130
52	27	2	2	2131
53	27	2	2	2132
54	27	2	2	2133
55	27	2	2	2134
56	27	2	2	2135
57	27	2	2	2136
58	27	2	2	2137
59	27	2	2	2138
60	27	2	2	2139
61	27	2	2	2140
62	27	2	2	2141
63	27	2	2	2142
64	27	2	2	2143
65	27	2	2	2144
66	27	2	2	2145
67	27	2	2	2146
68	27	2	2	2147
69	27	2	2	2148
70	27	2	2	2149
71	27	2	2	2150
72	27	2	2	2151
73	27	2	2	2152
74	27	2	2	2153
75	27	2	2	2154
76	27	2	2	2155
77	27	2	2	2156
78	27	2	2	2157
79	27	2	2	2158
80	27	2	2	2159
1	28	2	2	2160
2	28	2	2	2161
3	28	2	2	2162
4	28	2	2	2163
5	28	2	2	2164
6	28	2	2	2165
7	28	2	2	2166
8	28	2	2	2167
9	28	2	2	2168
10	28	2	2	2169
11	28	2	2	2170
12	28	2	2	2171
13	28	2	2	2172
14	28	2	2	2173
15	28	2	2	2174
16	28	2	2	2175
17	28	2	2	2176
18	28	2	2	2177
19	28	2	2	2178
20	28	2	2	2179
21	28	2	2	2180
22	28	2	2	2181
23	28	2	2	2182
24	28	2	2	2183
25	28	2	2	2184
26	28	2	2	2185
27	28	2	2	2186
28	28	2	2	2187
29	28	2	2	2188
30	28	2	2	2189
31	28	2	2	2190
32	28	2	2	2191
33	28	2	2	2192
34	28	2	2	2193
35	28	2	2	2194
36	28	2	2	2195
37	28	2	2	2196
38	28	2	2	2197
39	28	2	2	2198
40	28	2	2	2199
41	28	2	2	2200
42	28	2	2	2201
43	28	2	2	2202
44	28	2	2	2203
45	28	2	2	2204
46	28	2	2	2205
47	28	2	2	2206
48	28	2	2	2207
49	28	2	2	2208
50	28	2	2	2209
51	28	2	2	2210
52	28	2	2	2211
53	28	2	2	2212
54	28	2	2	2213
55	28	2	2	2214
56	28	2	2	2215
57	28	2	2	2216
58	28	2	2	2217
59	28	2	2	2218
60	28	2	2	2219
61	28	2	2	2220
62	28	2	2	2221
63	28	2	2	2222
64	28	2	2	2223
65	28	2	2	2224
66	28	2	2	2225
67	28	2	2	2226
68	28	2	2	2227
69	28	2	2	2228
70	28	2	2	2229
71	28	2	2	2230
72	28	2	2	2231
73	28	2	2	2232
74	28	2	2	2233
75	28	2	2	2234
76	28	2	2	2235
77	28	2	2	2236
78	28	2	2	2237
79	28	2	2	2238
80	28	2	2	2239
1	29	2	2	2240
2	29	2	2	2241
3	29	2	2	2242
4	29	2	2	2243
5	29	2	2	2244
6	29	2	2	2245
7	29	2	2	2246
8	29	2	2	2247
9	29	2	2	2248
10	29	2	2	2249
11	29	2	2	2250
12	29	2	2	2251
13	29	2	2	2252
14	29	2	2	2253
15	29	2	2	2254
16	29	2	2	2255
17	29	2	2	2256
18	29	2	2	2257
19	29	2	2	2258
20	29	2	2	2259
21	29	2	2	2260
22	29	2	2	2261
23	29	2	2	2262
24	29	2	2	2263
25	29	2	2	2264
26	29	2	2	2265
27	29	2	2	2266
28	29	2	2	2267
29	29	2	2	2268
30	29	2	2	2269
31	29	2	2	2270
32	29	2	2	2271
33	29	2	2	2272
34	29	2	2	2273
35	29	2	2	2274
36	29	2	2	2275
37	29	2	2	2276
38	29	2	2	2277
39	29	2	2	2278
40	29	2	2	2279
41	29	2	2	2280
42	29	2	2	2281
43	29	2	2	2282
44	29	2	2	2283
45	29	2	2	2284
46	29	2	2	2285
47	29	2	2	2286
48	29	2	2	2287
49	29	2	2	2288
50	29	2	2	2289
51	29	2	2	2290
52	29	2	2	2291
53	29	2	2	2292
54	29	2	2	2293
55	29	2	2	2294
56	29	2	2	2295
57	29	2	2	2296
58	29	2	2	2297
59	29	2	2	2298
60	29	2	2	2299
61	29	2	2	2300
62	29	2	2	2301
63	29	2	2	2302
64	29	2	2	2303
65	29	2	2	2304
66	29	2	2	2305
67	29	2	2	2306
68	29	2	2	2307
69	29	2	2	2308
70	29	2	2	2309
71	29	2	2	2310
72	29	2	2	2311
73	29	2	2	2312
74	29	2	2	2313
75	29	2	2	2314
76	29	2	2	2315
77	29	2	2	2316
78	29	2	2	2317
79	29	2	2	2318
80	29	2	2	2319
1	30	2	2	2320
2	30	2	2	2321
3	30	2	2	2322
4	30	2	2	2323
5	30	2	2	2324
6	30	2	2	2325
7	30	2	2	2326
8	30	2	2	2327
9	30	2	2	2328
10	30	2	2	2329
11	30	2	2	2330
12	30	2	2	2331
13	30	2	2	2332
14	30	2	2	2333
15	30	2	2	2334
16	30	2	2	2335
17	30	2	2	2336
18	30	2	2	2337
19	30	2	2	2338
20	30	2	2	2339
21	30	2	2	2340
22	30	2	2	2341
23	30	2	2	2342
24	30	2	2	2343
25	30	2	2	2344
26	30	2	2	2345
27	30	2	2	2346
28	30	2	2	2347
29	30	2	2	2348
30	30	2	2	2349
31	30	2	2	2350
32	30	2	2	2351
33	30	2	2	2352
34	30	2	2	2353
35	30	2	2	2354
36	30	2	2	2355
37	30	2	2	2356
38	30	2	2	2357
39	30	2	2	2358
40	30	2	2	2359
41	30	2	2	2360
42	30	2	2	2361
43	30	2	2	2362
44	30	2	2	2363
45	30	2	2	2364
46	30	2	2	2365
47	30	2	2	2366
48	30	2	2	2367
49	30	2	2	2368
50	30	2	2	2369
51	30	2	2	2370
52	30	2	2	2371
53	30	2	2	2372
54	30	2	2	2373
55	30	2	2	2374
56	30	2	2	2375
57	30	2	2	2376
58	30	2	2	2377
59	30	2	2	2378
60	30	2	2	2379
61	30	2	2	2380
62	30	2	2	2381
63	30	2	2	2382
64	30	2	2	2383
65	30	2	2	2384
66	30	2	2	2385
67	30	2	2	2386
68	30	2	2	2387
69	30	2	2	2388
70	30	2	2	2389
71	30	2	2	2390
72	30	2	2	2391
73	30	2	2	2392
74	30	2	2	2393
75	30	2	2	2394
76	30	2	2	2395
77	30	2	2	2396
78	30	2	2	2397
79	30	2	2	2398
80	30	2	2	2399
1	31	2	2	2400
2	31	2	2	2401
3	31	2	2	2402
4	31	2	2	2403
5	31	2	2	2404
6	31	2	2	2405
7	31	2	2	2406
8	31	2	2	2407
9	31	2	2	2408
10	31	2	2	2409
11	31	2	2	2410
12	31	2	2	2411
13	31	2	2	2412
14	31	2	2	2413
15	31	2	2	2414
16	31	2	2	2415
17	31	2	2	2416
18	31	2	2	2417
19	31	2	2	2418
20	31	2	2	2419
21	31	2	2	2420
22	31	2	2	2421
23	31	2	2	2422
24	31	2	2	2423
25	31	2	2	2424
26	31	2	2	2425
27	31	2	2	2426
28	31	2	2	2427
29	31	2	2	2428
30	31	2	2	2429
31	31	2	2	2430
32	31	2	2	2431
33	31	2	2	2432
34	31	2	2	2433
35	31	2	2	2434
36	31	2	2	2435
37	31	2	2	2436
38	31	2	2	2437
39	31	2	2	2438
40	31	2	2	2439
41	31	2	2	2440
42	31	2	2	2441
43	31	2	2	2442
44	31	2	2	2443
45	31	2	2	2444
46	31	2	2	2445
47	31	2	2	2446
48	31	2	2	2447
49	31	2	2	2448
50	31	2	2	2449
51	31	2	2	2450
52	31	2	2	2451
53	31	2	2	2452
54	31	2	2	2453
55	31	2	2	2454
56	31	2	2	2455
57	31	2	2	2456
58	31	2	2	2457
59	31	2	2	2458
60	31	2	2	2459
61	31	2	2	2460
62	31	2	2	2461
63	31	2	2	2462
64	31	2	2	2463
65	31	2	2	2464
66	31	2	2	2465
67	31	2	2	2466
68	31	2	2	2467
69	31	2	2	2468
70	31	2	2	2469
71	31	2	2	2470
72	31	2	2	2471
73	31	2	2	2472
74	31	2	2	2473
75	31	2	2	2474
76	31	2	2	2475
77	31	2	2	2476
78	31	2	2	2477
79	31	2	2	2478
80	31	2	2	2479
1	32	2	2	2480
2	32	2	2	2481
3	32	2	2	2482
4	32	2	2	2483
5	32	2	2	2484
6	32	2	2	2485
7	32	2	2	2486
8	32	2	2	2487
9	32	2	2	2488
10	32	2	2	2489
11	32	2	2	2490
12	32	2	2	2491
13	32	2	2	2492
14	32	2	2	2493
15	32	2	2	2494
16	32	2	2	2495
17	32	2	2	2496
18	32	2	2	2497
19	32	2	2	2498
20	32	2	2	2499
21	32	2	2	2500
22	32	2	2	2501
23	32	2	2	2502
24	32	2	2	2503
25	32	2	2	2504
26	32	2	2	2505
27	32	2	2	2506
28	32	2	2	2507
29	32	2	2	2508
30	32	2	2	2509
31	32	2	2	2510
32	32	2	2	2511
33	32	2	2	2512
34	32	2	2	2513
35	32	2	2	2514
36	32	2	2	2515
37	32	2	2	2516
38	32	2	2	2517
39	32	2	2	2518
40	32	2	2	2519
41	32	2	2	2520
42	32	2	2	2521
43	32	2	2	2522
44	32	2	2	2523
45	32	2	2	2524
46	32	2	2	2525
47	32	2	2	2526
48	32	2	2	2527
49	32	2	2	2528
50	32	2	2	2529
51	32	2	2	2530
52	32	2	2	2531
53	32	2	2	2532
54	32	2	2	2533
55	32	2	2	2534
56	32	2	2	2535
57	32	2	2	2536
58	32	2	2	2537
59	32	2	2	2538
60	32	2	2	2539
61	32	2	2	2540
62	32	2	2	2541
63	32	2	2	2542
64	32	2	2	2543
65	32	2	2	2544
66	32	2	2	2545
67	32	2	2	2546
68	32	2	2	2547
69	32	2	2	2548
70	32	2	2	2549
71	32	2	2	2550
72	32	2	2	2551
73	32	2	2	2552
74	32	2	2	2553
75	32	2	2	2554
76	32	2	2	2555
77	32	2	2	2556
78	32	2	2	2557
79	32	2	2	2558
80	32	2	2	2559
1	33	2	2	2560
2	33	2	2	2561
3	33	2	2	2562
4	33	2	2	2563
5	33	2	2	2564
6	33	2	2	2565
7	33	2	2	2566
8	33	2	2	2567
9	33	2	2	2568
10	33	2	2	2569
11	33	2	2	2570
12	33	2	2	2571
13	33	2	2	2572
14	33	2	2	2573
15	33	2	2	2574
16	33	2	2	2575
17	33	2	2	2576
18	33	2	2	2577
19	33	2	2	2578
20	33	2	2	2579
21	33	2	2	2580
22	33	2	2	2581
23	33	2	2	2582
24	33	2	2	2583
25	33	2	2	2584
26	33	2	2	2585
27	33	2	2	2586
28	33	2	2	2587
29	33	2	2	2588
30	33	2	2	2589
31	33	2	2	2590
32	33	2	2	2591
33	33	2	2	2592
34	33	2	2	2593
35	33	2	2	2594
36	33	2	2	2595
37	33	2	2	2596
38	33	2	2	2597
39	33	2	2	2598
40	33	2	2	2599
41	33	2	2	2600
42	33	2	2	2601
43	33	2	2	2602
44	33	2	2	2603
45	33	2	2	2604
46	33	2	2	2605
47	33	2	2	2606
48	33	2	2	2607
49	33	2	2	2608
50	33	2	2	2609
51	33	2	2	2610
52	33	2	2	2611
53	33	2	2	2612
54	33	2	2	2613
55	33	2	2	2614
56	33	2	2	2615
57	33	2	2	2616
58	33	2	2	2617
59	33	2	2	2618
60	33	2	2	2619
61	33	2	2	2620
62	33	2	2	2621
63	33	2	2	2622
64	33	2	2	2623
65	33	2	2	2624
66	33	2	2	2625
67	33	2	2	2626
68	33	2	2	2627
69	33	2	2	2628
70	33	2	2	2629
71	33	2	2	2630
72	33	2	2	2631
73	33	2	2	2632
74	33	2	2	2633
75	33	2	2	2634
76	33	2	2	2635
77	33	2	2	2636
78	33	2	2	2637
79	33	2	2	2638
80	33	2	2	2639
1	34	2	2	2640
2	34	2	2	2641
3	34	2	2	2642
4	34	2	2	2643
5	34	2	2	2644
6	34	2	2	2645
7	34	2	2	2646
8	34	2	2	2647
9	34	2	2	2648
10	34	2	2	2649
11	34	2	2	2650
12	34	2	2	2651
13	34	2	2	2652
14	34	2	2	2653
15	34	2	2	2654
16	34	2	2	2655
17	34	2	2	2656
18	34	2	2	2657
19	34	2	2	2658
20	34	2	2	2659
21	34	2	2	2660
22	34	2	2	2661
23	34	2	2	2662
24	34	2	2	2663
25	34	2	2	2664
26	34	2	2	2665
27	34	2	2	2666
28	34	2	2	2667
29	34	2	2	2668
30	34	2	2	2669
31	34	2	2	2670
32	34	2	2	2671
33	34	2	2	2672
34	34	2	2	2673
35	34	2	2	2674
36	34	2	2	2675
37	34	2	2	2676
38	34	2	2	2677
39	34	2	2	2678
40	34	2	2	2679
41	34	2	2	2680
42	34	2	2	2681
43	34	2	2	2682
44	34	2	2	2683
45	34	2	2	2684
46	34	2	2	2685
47	34	2	2	2686
48	34	2	2	2687
49	34	2	2	2688
50	34	2	2	2689
51	34	2	2	2690
52	34	2	2	2691
53	34	2	2	2692
54	34	2	2	2693
55	34	2	2	2694
56	34	2	2	2695
57	34	2	2	2696
58	34	2	2	2697
59	34	2	2	2698
60	34	2	2	2699
61	34	2	2	2700
62	34	2	2	2701
63	34	2	2	2702
64	34	2	2	2703
65	34	2	2	2704
66	34	2	2	2705
67	34	2	2	2706
68	34	2	2	2707
69	34	2	2	2708
70	34	2	2	2709
71	34	2	2	2710
72	34	2	2	2711
73	34	2	2	2712
74	34	2	2	2713
75	34	2	2	2714
76	34	2	2	2715
77	34	2	2	2716
78	34	2	2	2717
79	34	2	2	2718
80	34	2	2	2719
1	35	2	2	2720
2	35	2	2	2721
3	35	2	2	2722
4	35	2	2	2723
5	35	2	2	2724
6	35	2	2	2725
7	35	2	2	2726
8	35	2	2	2727
9	35	2	2	2728
10	35	2	2	2729
11	35	2	2	2730
12	35	2	2	2731
13	35	2	2	2732
14	35	2	2	2733
15	35	2	2	2734
16	35	2	2	2735
17	35	2	2	2736
18	35	2	2	2737
19	35	2	2	2738
20	35	2	2	2739
21	35	2	2	2740
22	35	2	2	2741
23	35	2	2	2742
24	35	2	2	2743
25	35	2	2	2744
26	35	2	2	2745
27	35	2	2	2746
28	35	2	2	2747
29	35	2	2	2748
30	35	2	2	2749
31	35	2	2	2750
32	35	2	2	2751
33	35	2	2	2752
34	35	2	2	2753
35	35	2	2	2754
36	35	2	2	2755
37	35	2	2	2756
38	35	2	2	2757
39	35	2	2	2758
40	35	2	2	2759
41	35	2	2	2760
42	35	2	2	2761
43	35	2	2	2762
44	35	2	2	2763
45	35	2	2	2764
46	35	2	2	2765
47	35	2	2	2766
48	35	2	2	2767
49	35	2	2	2768
50	35	2	2	2769
51	35	2	2	2770
52	35	2	2	2771
53	35	2	2	2772
54	35	2	2	2773
55	35	2	2	2774
56	35	2	2	2775
57	35	2	2	2776
58	35	2	2	2777
59	35	2	2	2778
60	35	2	2	2779
61	35	2	2	2780
62	35	2	2	2781
63	35	2	2	2782
64	35	2	2	2783
65	35	2	2	2784
66	35	2	2	2785
67	35	2	2	2786
68	35	2	2	2787
69	35	2	2	2788
70	35	2	2	2789
71	35	2	2	2790
72	35	2	2	2791
73	35	2	2	2792
74	35	2	2	2793
75	35	2	2	2794
76	35	2	2	2795
77	35	2	2	2796
78	35	2	2	2797
79	35	2	2	2798
80	35	2	2	2799
1	36	2	2	2800
2	36	2	2	2801
3	36	2	2	2802
4	36	2	2	2803
5	36	2	2	2804
6	36	2	2	2805
7	36	2	2	2806
8	36	2	2	2807
9	36	2	2	2808
10	36	2	2	2809
11	36	2	2	2810
12	36	2	2	2811
13	36	2	2	2812
14	36	2	2	2813
15	36	2	2	2814
16	36	2	2	2815
17	36	2	2	2816
18	36	2	2	2817
19	36	2	2	2818
20	36	2	2	2819
21	36	2	2	2820
22	36	2	2	2821
23	36	2	2	2822
24	36	2	2	2823
25	36	2	2	2824
26	36	2	2	2825
27	36	2	2	2826
28	36	2	2	2827
29	36	2	2	2828
30	36	2	2	2829
31	36	2	2	2830
32	36	2	2	2831
33	36	2	2	2832
34	36	2	2	2833
35	36	2	2	2834
36	36	2	2	2835
37	36	2	2	2836
38	36	2	2	2837
39	36	2	2	2838
40	36	2	2	2839
41	36	2	2	2840
42	36	2	2	2841
43	36	2	2	2842
44	36	2	2	2843
45	36	2	2	2844
46	36	2	2	2845
47	36	2	2	2846
48	36	2	2	2847
49	36	2	2	2848
50	36	2	2	2849
51	36	2	2	2850
52	36	2	2	2851
53	36	2	2	2852
54	36	2	2	2853
55	36	2	2	2854
56	36	2	2	2855
57	36	2	2	2856
58	36	2	2	2857
59	36	2	2	2858
60	36	2	2	2859
61	36	2	2	2860
62	36	2	2	2861
63	36	2	2	2862
64	36	2	2	2863
65	36	2	2	2864
66	36	2	2	2865
67	36	2	2	2866
68	36	2	2	2867
69	36	2	2	2868
70	36	2	2	2869
71	36	2	2	2870
72	36	2	2	2871
73	36	2	2	2872
74	36	2	2	2873
75	36	2	2	2874
76	36	2	2	2875
77	36	2	2	2876
78	36	2	2	2877
79	36	2	2	2878
80	36	2	2	2879
1	37	2	2	2880
2	37	2	2	2881
3	37	2	2	2882
4	37	2	2	2883
5	37	2	2	2884
6	37	2	2	2885
7	37	2	2	2886
8	37	2	2	2887
9	37	2	2	2888
10	37	2	2	2889
11	37	2	2	2890
12	37	2	2	2891
13	37	2	2	2892
14	37	2	2	2893
15	37	2	2	2894
16	37	2	2	2895
17	37	2	2	2896
18	37	2	2	2897
19	37	2	2	2898
20	37	2	2	2899
21	37	2	2	2900
22	37	2	2	2901
23	37	2	2	2902
24	37	2	2	2903
25	37	2	2	2904
26	37	2	2	2905
27	37	2	2	2906
28	37	2	2	2907
29	37	2	2	2908
30	37	2	2	2909
31	37	2	2	2910
32	37	2	2	2911
33	37	2	2	2912
34	37	2	2	2913
35	37	2	2	2914
36	37	2	2	2915
37	37	2	2	2916
38	37	2	2	2917
39	37	2	2	2918
40	37	2	2	2919
41	37	2	2	2920
42	37	2	2	2921
43	37	2	2	2922
44	37	2	2	2923
45	37	2	2	2924
46	37	2	2	2925
47	37	2	2	2926
48	37	2	2	2927
49	37	2	2	2928
50	37	2	2	2929
51	37	2	2	2930
52	37	2	2	2931
53	37	2	2	2932
54	37	2	2	2933
55	37	2	2	2934
56	37	2	2	2935
57	37	2	2	2936
58	37	2	2	2937
59	37	2	2	2938
60	37	2	2	2939
61	37	2	2	2940
62	37	2	2	2941
63	37	2	2	2942
64	37	2	2	2943
65	37	2	2	2944
66	37	2	2	2945
67	37	2	2	2946
68	37	2	2	2947
69	37	2	2	2948
70	37	2	2	2949
71	37	2	2	2950
72	37	2	2	2951
73	37	2	2	2952
74	37	2	2	2953
75	37	2	2	2954
76	37	2	2	2955
77	37	2	2	2956
78	37	2	2	2957
79	37	2	2	2958
80	37	2	2	2959
1	38	2	2	2960
2	38	2	2	2961
3	38	2	2	2962
4	38	2	2	2963
5	38	2	2	2964
6	38	2	2	2965
7	38	2	2	2966
8	38	2	2	2967
9	38	2	2	2968
10	38	2	2	2969
11	38	2	2	2970
12	38	2	2	2971
13	38	2	2	2972
14	38	2	2	2973
15	38	2	2	2974
16	38	2	2	2975
17	38	2	2	2976
18	38	2	2	2977
19	38	2	2	2978
20	38	2	2	2979
21	38	2	2	2980
22	38	2	2	2981
23	38	2	2	2982
24	38	2	2	2983
25	38	2	2	2984
26	38	2	2	2985
27	38	2	2	2986
28	38	2	2	2987
29	38	2	2	2988
30	38	2	2	2989
31	38	2	2	2990
32	38	2	2	2991
33	38	2	2	2992
34	38	2	2	2993
35	38	2	2	2994
36	38	2	2	2995
37	38	2	2	2996
38	38	2	2	2997
39	38	2	2	2998
40	38	2	2	2999
41	38	2	2	3000
42	38	2	2	3001
43	38	2	2	3002
44	38	2	2	3003
45	38	2	2	3004
46	38	2	2	3005
47	38	2	2	3006
48	38	2	2	3007
49	38	2	2	3008
50	38	2	2	3009
51	38	2	2	3010
52	38	2	2	3011
53	38	2	2	3012
54	38	2	2	3013
55	38	2	2	3014
56	38	2	2	3015
57	38	2	2	3016
58	38	2	2	3017
59	38	2	2	3018
60	38	2	2	3019
61	38	2	2	3020
62	38	2	2	3021
63	38	2	2	3022
64	38	2	2	3023
65	38	2	2	3024
66	38	2	2	3025
67	38	2	2	3026
68	38	2	2	3027
69	38	2	2	3028
70	38	2	2	3029
71	38	2	2	3030
72	38	2	2	3031
73	38	2	2	3032
74	38	2	2	3033
75	38	2	2	3034
76	38	2	2	3035
77	38	2	2	3036
78	38	2	2	3037
79	38	2	2	3038
80	38	2	2	3039
1	39	2	2	3040
2	39	2	2	3041
3	39	2	2	3042
4	39	2	2	3043
5	39	2	2	3044
6	39	2	2	3045
7	39	2	2	3046
8	39	2	2	3047
9	39	2	2	3048
10	39	2	2	3049
11	39	2	2	3050
12	39	2	2	3051
13	39	2	2	3052
14	39	2	2	3053
15	39	2	2	3054
16	39	2	2	3055
17	39	2	2	3056
18	39	2	2	3057
19	39	2	2	3058
20	39	2	2	3059
21	39	2	2	3060
22	39	2	2	3061
23	39	2	2	3062
24	39	2	2	3063
25	39	2	2	3064
26	39	2	2	3065
27	39	2	2	3066
28	39	2	2	3067
29	39	2	2	3068
30	39	2	2	3069
31	39	2	2	3070
32	39	2	2	3071
33	39	2	2	3072
34	39	2	2	3073
35	39	2	2	3074
36	39	2	2	3075
37	39	2	2	3076
38	39	2	2	3077
39	39	2	2	3078
40	39	2	2	3079
41	39	2	2	3080
42	39	2	2	3081
43	39	2	2	3082
44	39	2	2	3083
45	39	2	2	3084
46	39	2	2	3085
47	39	2	2	3086
48	39	2	2	3087
49	39	2	2	3088
50	39	2	2	3089
51	39	2	2	3090
52	39	2	2	3091
53	39	2	2	3092
54	39	2	2	3093
55	39	2	2	3094
56	39	2	2	3095
57	39	2	2	3096
58	39	2	2	3097
59	39	2	2	3098
60	39	2	2	3099
61	39	2	2	3100
62	39	2	2	3101
63	39	2	2	3102
64	39	2	2	3103
65	39	2	2	3104
66	39	2	2	3105
67	39	2	2	3106
68	39	2	2	3107
69	39	2	2	3108
70	39	2	2	3109
71	39	2	2	3110
72	39	2	2	3111
73	39	2	2	3112
74	39	2	2	3113
75	39	2	2	3114
76	39	2	2	3115
77	39	2	2	3116
78	39	2	2	3117
79	39	2	2	3118
80	39	2	2	3119
1	40	2	2	3120
2	40	2	2	3121
3	40	2	2	3122
4	40	2	2	3123
5	40	2	2	3124
6	40	2	2	3125
7	40	2	2	3126
8	40	2	2	3127
9	40	2	2	3128
10	40	2	2	3129
11	40	2	2	3130
12	40	2	2	3131
13	40	2	2	3132
14	40	2	2	3133
15	40	2	2	3134
16	40	2	2	3135
17	40	2	2	3136
18	40	2	2	3137
19	40	2	2	3138
20	40	2	2	3139
21	40	2	2	3140
22	40	2	2	3141
23	40	2	2	3142
24	40	2	2	3143
25	40	2	2	3144
26	40	2	2	3145
27	40	2	2	3146
28	40	2	2	3147
29	40	2	2	3148
30	40	2	2	3149
31	40	2	2	3150
32	40	2	2	3151
33	40	2	2	3152
34	40	2	2	3153
35	40	2	2	3154
36	40	2	2	3155
37	40	2	2	3156
38	40	2	2	3157
39	40	2	2	3158
40	40	2	2	3159
41	40	2	2	3160
42	40	2	2	3161
43	40	2	2	3162
44	40	2	2	3163
45	40	2	2	3164
46	40	2	2	3165
47	40	2	2	3166
48	40	2	2	3167
49	40	2	2	3168
50	40	2	2	3169
51	40	2	2	3170
52	40	2	2	3171
53	40	2	2	3172
54	40	2	2	3173
55	40	2	2	3174
56	40	2	2	3175
57	40	2	2	3176
58	40	2	2	3177
59	40	2	2	3178
60	40	2	2	3179
61	40	2	2	3180
62	40	2	2	3181
63	40	2	2	3182
64	40	2	2	3183
65	40	2	2	3184
66	40	2	2	3185
67	40	2	2	3186
68	40	2	2	3187
69	40	2	2	3188
70	40	2	2	3189
71	40	2	2	3190
72	40	2	2	3191
73	40	2	2	3192
74	40	2	2	3193
75	40	2	2	3194
76	40	2	2	3195
77	40	2	2	3196
78	40	2	2	3197
79	40	2	2	3198
80	40	2	2	3199
1	41	2	2	3200
2	41	2	2	3201
3	41	2	2	3202
4	41	2	2	3203
5	41	2	2	3204
6	41	2	2	3205
7	41	2	2	3206
8	41	2	2	3207
9	41	2	2	3208
10	41	2	2	3209
11	41	2	2	3210
12	41	2	2	3211
13	41	2	2	3212
14	41	2	2	3213
15	41	2	2	3214
16	41	2	2	3215
17	41	2	2	3216
18	41	2	2	3217
19	41	2	2	3218
20	41	2	2	3219
21	41	2	2	3220
22	41	2	2	3221
23	41	2	2	3222
24	41	2	2	3223
25	41	2	2	3224
26	41	2	2	3225
27	41	2	2	3226
28	41	2	2	3227
29	41	2	2	3228
30	41	2	2	3229
31	41	2	2	3230
32	41	2	2	3231
33	41	2	2	3232
34	41	2	2	3233
35	41	2	2	3234
36	41	2	2	3235
37	41	2	2	3236
38	41	2	2	3237
39	41	2	2	3238
40	41	2	2	3239
41	41	2	2	3240
42	41	2	2	3241
43	41	2	2	3242
44	41	2	2	3243
45	41	2	2	3244
46	41	2	2	3245
47	41	2	2	3246
48	41	2	2	3247
49	41	2	2	3248
50	41	2	2	3249
51	41	2	2	3250
52	41	2	2	3251
53	41	2	2	3252
54	41	2	2	3253
55	41	2	2	3254
56	41	2	2	3255
57	41	2	2	3256
58	41	2	2	3257
59	41	2	2	3258
60	41	2	2	3259
61	41	2	2	3260
62	41	2	2	3261
63	41	2	2	3262
64	41	2	2	3263
65	41	2	2	3264
66	41	2	2	3265
67	41	2	2	3266
68	41	2	2	3267
69	41	2	2	3268
70	41	2	2	3269
71	41	2	2	3270
72	41	2	2	3271
73	41	2	2	3272
74	41	2	2	3273
75	41	2	2	3274
76	41	2	2	3275
77	41	2	2	3276
78	41	2	2	3277
79	41	2	2	3278
80	41	2	2	3279
1	42	2	2	3280
2	42	2	2	3281
3	42	2	2	3282
4	42	2	2	3283
5	42	2	2	3284
6	42	2	2	3285
7	42	2	2	3286
8	42	2	2	3287
9	42	2	2	3288
10	42	2	2	3289
11	42	2	2	3290
12	42	2	2	3291
13	42	2	2	3292
14	42	2	2	3293
15	42	2	2	3294
16	42	2	2	3295
17	42	2	2	3296
18	42	2	2	3297
19	42	2	2	3298
20	42	2	2	3299
21	42	2	2	3300
22	42	2	2	3301
23	42	2	2	3302
24	42	2	2	3303
25	42	2	2	3304
26	42	2	2	3305
27	42	2	2	3306
28	42	2	2	3307
29	42	2	2	3308
30	42	2	2	3309
31	42	2	2	3310
32	42	2	2	3311
33	42	2	2	3312
34	42	2	2	3313
35	42	2	2	3314
36	42	2	2	3315
37	42	2	2	3316
38	42	2	2	3317
39	42	2	2	3318
40	42	2	2	3319
41	42	2	2	3320
42	42	2	2	3321
43	42	2	2	3322
44	42	2	2	3323
45	42	2	2	3324
46	42	2	2	3325
47	42	2	2	3326
48	42	2	2	3327
49	42	2	2	3328
50	42	2	2	3329
51	42	2	2	3330
52	42	2	2	3331
53	42	2	2	3332
54	42	2	2	3333
55	42	2	2	3334
56	42	2	2	3335
57	42	2	2	3336
58	42	2	2	3337
59	42	2	2	3338
60	42	2	2	3339
61	42	2	2	3340
62	42	2	2	3341
63	42	2	2	3342
64	42	2	2	3343
65	42	2	2	3344
66	42	2	2	3345
67	42	2	2	3346
68	42	2	2	3347
69	42	2	2	3348
70	42	2	2	3349
71	42	2	2	3350
72	42	2	2	3351
73	42	2	2	3352
74	42	2	2	3353
75	42	2	2	3354
76	42	2	2	3355
77	42	2	2	3356
78	42	2	2	3357
79	42	2	2	3358
80	42	2	2	3359
1	43	2	2	3360
2	43	2	2	3361
3	43	2	2	3362
4	43	2	2	3363
5	43	2	2	3364
6	43	2	2	3365
7	43	2	2	3366
8	43	2	2	3367
9	43	2	2	3368
10	43	2	2	3369
11	43	2	2	3370
12	43	2	2	3371
13	43	2	2	3372
14	43	2	2	3373
15	43	2	2	3374
16	43	2	2	3375
17	43	2	2	3376
18	43	2	2	3377
19	43	2	2	3378
20	43	2	2	3379
21	43	2	2	3380
22	43	2	2	3381
23	43	2	2	3382
24	43	2	2	3383
25	43	2	2	3384
26	43	2	2	3385
27	43	2	2	3386
28	43	2	2	3387
29	43	2	2	3388
30	43	2	2	3389
31	43	2	2	3390
32	43	2	2	3391
33	43	2	2	3392
34	43	2	2	3393
35	43	2	2	3394
36	43	2	2	3395
37	43	2	2	3396
38	43	2	2	3397
39	43	2	2	3398
40	43	2	2	3399
41	43	2	2	3400
42	43	2	2	3401
43	43	2	2	3402
44	43	2	2	3403
45	43	2	2	3404
46	43	2	2	3405
47	43	2	2	3406
48	43	2	2	3407
49	43	2	2	3408
50	43	2	2	3409
51	43	2	2	3410
52	43	2	2	3411
53	43	2	2	3412
54	43	2	2	3413
55	43	2	2	3414
56	43	2	2	3415
57	43	2	2	3416
58	43	2	2	3417
59	43	2	2	3418
60	43	2	2	3419
61	43	2	2	3420
62	43	2	2	3421
63	43	2	2	3422
64	43	2	2	3423
65	43	2	2	3424
66	43	2	2	3425
67	43	2	2	3426
68	43	2	2	3427
69	43	2	2	3428
70	43	2	2	3429
71	43	2	2	3430
72	43	2	2	3431
73	43	2	2	3432
74	43	2	2	3433
75	43	2	2	3434
76	43	2	2	3435
77	43	2	2	3436
78	43	2	2	3437
79	43	2	2	3438
80	43	2	2	3439
1	44	2	2	3440
2	44	2	2	3441
3	44	2	2	3442
4	44	2	2	3443
5	44	2	2	3444
6	44	2	2	3445
7	44	2	2	3446
8	44	2	2	3447
9	44	2	2	3448
10	44	2	2	3449
11	44	2	2	3450
12	44	2	2	3451
13	44	2	2	3452
14	44	2	2	3453
15	44	2	2	3454
16	44	2	2	3455
17	44	2	2	3456
18	44	2	2	3457
19	44	2	2	3458
20	44	2	2	3459
21	44	2	2	3460
22	44	2	2	3461
23	44	2	2	3462
24	44	2	2	3463
25	44	2	2	3464
26	44	2	2	3465
27	44	2	2	3466
28	44	2	2	3467
29	44	2	2	3468
30	44	2	2	3469
31	44	2	2	3470
32	44	2	2	3471
33	44	2	2	3472
34	44	2	2	3473
35	44	2	2	3474
36	44	2	2	3475
37	44	2	2	3476
38	44	2	2	3477
39	44	2	2	3478
40	44	2	2	3479
41	44	2	2	3480
42	44	2	2	3481
43	44	2	2	3482
44	44	2	2	3483
45	44	2	2	3484
46	44	2	2	3485
47	44	2	2	3486
48	44	2	2	3487
49	44	2	2	3488
50	44	2	2	3489
51	44	2	2	3490
52	44	2	2	3491
53	44	2	2	3492
54	44	2	2	3493
55	44	2	2	3494
56	44	2	2	3495
57	44	2	2	3496
58	44	2	2	3497
59	44	2	2	3498
60	44	2	2	3499
61	44	2	2	3500
62	44	2	2	3501
63	44	2	2	3502
64	44	2	2	3503
65	44	2	2	3504
66	44	2	2	3505
67	44	2	2	3506
68	44	2	2	3507
69	44	2	2	3508
70	44	2	2	3509
71	44	2	2	3510
72	44	2	2	3511
73	44	2	2	3512
74	44	2	2	3513
75	44	2	2	3514
76	44	2	2	3515
77	44	2	2	3516
78	44	2	2	3517
79	44	2	2	3518
80	44	2	2	3519
1	45	2	2	3520
2	45	2	2	3521
3	45	2	2	3522
4	45	2	2	3523
5	45	2	2	3524
6	45	2	2	3525
7	45	2	2	3526
8	45	2	2	3527
9	45	2	2	3528
10	45	2	2	3529
11	45	2	2	3530
12	45	2	2	3531
13	45	2	2	3532
14	45	2	2	3533
15	45	2	2	3534
16	45	2	2	3535
17	45	2	2	3536
18	45	2	2	3537
19	45	2	2	3538
20	45	2	2	3539
21	45	2	2	3540
22	45	2	2	3541
23	45	2	2	3542
24	45	2	2	3543
25	45	2	2	3544
26	45	2	2	3545
27	45	2	2	3546
28	45	2	2	3547
29	45	2	2	3548
30	45	2	2	3549
31	45	2	2	3550
32	45	2	2	3551
33	45	2	2	3552
34	45	2	2	3553
35	45	2	2	3554
36	45	2	2	3555
37	45	2	2	3556
38	45	2	2	3557
39	45	2	2	3558
40	45	2	2	3559
41	45	2	2	3560
42	45	2	2	3561
43	45	2	2	3562
44	45	2	2	3563
45	45	2	2	3564
46	45	2	2	3565
47	45	2	2	3566
48	45	2	2	3567
49	45	2	2	3568
50	45	2	2	3569
51	45	2	2	3570
52	45	2	2	3571
53	45	2	2	3572
54	45	2	2	3573
55	45	2	2	3574
56	45	2	2	3575
57	45	2	2	3576
58	45	2	2	3577
59	45	2	2	3578
60	45	2	2	3579
61	45	2	2	3580
62	45	2	2	3581
63	45	2	2	3582
64	45	2	2	3583
65	45	2	2	3584
66	45	2	2	3585
67	45	2	2	3586
68	45	2	2	3587
69	45	2	2	3588
70	45	2	2	3589
71	45	2	2	3590
72	45	2	2	3591
73	45	2	2	3592
74	45	2	2	3593
75	45	2	2	3594
76	45	2	2	3595
77	45	2	2	3596
78	45	2	2	3597
79	45	2	2	3598
80	45	2	2	3599
1	46	2	2	3600
2	46	2	2	3601
3	46	2	2	3602
4	46	2	2	3603
5	46	2	2	3604
6	46	2	2	3605
7	46	2	2	3606
8	46	2	2	3607
9	46	2	2	3608
10	46	2	2	3609
11	46	2	2	3610
12	46	2	2	3611
13	46	2	2	3612
14	46	2	2	3613
15	46	2	2	3614
16	46	2	2	3615
17	46	2	2	3616
18	46	2	2	3617
19	46	2	2	3618
20	46	2	2	3619
21	46	2	2	3620
22	46	2	2	3621
23	46	2	2	3622
24	46	2	2	3623
25	46	2	2	3624
26	46	2	2	3625
27	46	2	2	3626
28	46	2	2	3627
29	46	2	2	3628
30	46	2	2	3629
31	46	2	2	3630
32	46	2	2	3631
33	46	2	2	3632
34	46	2	2	3633
35	46	2	2	3634
36	46	2	2	3635
37	46	2	2	3636
38	46	2	2	3637
39	46	2	2	3638
40	46	2	2	3639
41	46	2	2	3640
42	46	2	2	3641
43	46	2	2	3642
44	46	2	2	3643
45	46	2	2	3644
46	46	2	2	3645
47	46	2	2	3646
48	46	2	2	3647
49	46	2	2	3648
50	46	2	2	3649
51	46	2	2	3650
52	46	2	2	3651
53	46	2	2	3652
54	46	2	2	3653
55	46	2	2	3654
56	46	2	2	3655
57	46	2	2	3656
58	46	2	2	3657
59	46	2	2	3658
60	46	2	2	3659
61	46	2	2	3660
62	46	2	2	3661
63	46	2	2	3662
64	46	2	2	3663
65	46	2	2	3664
66	46	2	2	3665
67	46	2	2	3666
68	46	2	2	3667
69	46	2	2	3668
70	46	2	2	3669
71	46	2	2	3670
72	46	2	2	3671
73	46	2	2	3672
74	46	2	2	3673
75	46	2	2	3674
76	46	2	2	3675
77	46	2	2	3676
78	46	2	2	3677
79	46	2	2	3678
80	46	2	2	3679
1	47	2	2	3680
2	47	2	2	3681
3	47	2	2	3682
4	47	2	2	3683
5	47	2	2	3684
6	47	2	2	3685
7	47	2	2	3686
8	47	2	2	3687
9	47	2	2	3688
10	47	2	2	3689
11	47	2	2	3690
12	47	2	2	3691
13	47	2	2	3692
14	47	2	2	3693
15	47	2	2	3694
16	47	2	2	3695
17	47	2	2	3696
18	47	2	2	3697
19	47	2	2	3698
20	47	2	2	3699
21	47	2	2	3700
22	47	2	2	3701
23	47	2	2	3702
24	47	2	2	3703
25	47	2	2	3704
26	47	2	2	3705
27	47	2	2	3706
28	47	2	2	3707
29	47	2	2	3708
30	47	2	2	3709
31	47	2	2	3710
32	47	2	2	3711
33	47	2	2	3712
34	47	2	2	3713
35	47	2	2	3714
36	47	2	2	3715
37	47	2	2	3716
38	47	2	2	3717
39	47	2	2	3718
40	47	2	2	3719
41	47	2	2	3720
42	47	2	2	3721
43	47	2	2	3722
44	47	2	2	3723
45	47	2	2	3724
46	47	2	2	3725
47	47	2	2	3726
48	47	2	2	3727
49	47	2	2	3728
50	47	2	2	3729
51	47	2	2	3730
52	47	2	2	3731
53	47	2	2	3732
54	47	2	2	3733
55	47	2	2	3734
56	47	2	2	3735
57	47	2	2	3736
58	47	2	2	3737
59	47	2	2	3738
60	47	2	2	3739
61	47	2	2	3740
62	47	2	2	3741
63	47	2	2	3742
64	47	2	2	3743
65	47	2	2	3744
66	47	2	2	3745
67	47	2	2	3746
68	47	2	2	3747
69	47	2	2	3748
70	47	2	2	3749
71	47	2	2	3750
72	47	2	2	3751
73	47	2	2	3752
74	47	2	2	3753
75	47	2	2	3754
76	47	2	2	3755
77	47	2	2	3756
78	47	2	2	3757
79	47	2	2	3758
80	47	2	2	3759
1	48	2	2	3760
2	48	2	2	3761
3	48	2	2	3762
4	48	2	2	3763
5	48	2	2	3764
6	48	2	2	3765
7	48	2	2	3766
8	48	2	2	3767
9	48	2	2	3768
10	48	2	2	3769
11	48	2	2	3770
12	48	2	2	3771
13	48	2	2	3772
14	48	2	2	3773
15	48	2	2	3774
16	48	2	2	3775
17	48	2	2	3776
18	48	2	2	3777
19	48	2	2	3778
20	48	2	2	3779
21	48	2	2	3780
22	48	2	2	3781
23	48	2	2	3782
24	48	2	2	3783
25	48	2	2	3784
26	48	2	2	3785
27	48	2	2	3786
28	48	2	2	3787
29	48	2	2	3788
30	48	2	2	3789
31	48	2	2	3790
32	48	2	2	3791
33	48	2	2	3792
34	48	2	2	3793
35	48	2	2	3794
36	48	2	2	3795
37	48	2	2	3796
38	48	2	2	3797
39	48	2	2	3798
40	48	2	2	3799
41	48	2	2	3800
42	48	2	2	3801
43	48	2	2	3802
44	48	2	2	3803
45	48	2	2	3804
46	48	2	2	3805
47	48	2	2	3806
48	48	2	2	3807
49	48	2	2	3808
50	48	2	2	3809
51	48	2	2	3810
52	48	2	2	3811
53	48	2	2	3812
54	48	2	2	3813
55	48	2	2	3814
56	48	2	2	3815
57	48	2	2	3816
58	48	2	2	3817
59	48	2	2	3818
60	48	2	2	3819
61	48	2	2	3820
62	48	2	2	3821
63	48	2	2	3822
64	48	2	2	3823
65	48	2	2	3824
66	48	2	2	3825
67	48	2	2	3826
68	48	2	2	3827
69	48	2	2	3828
70	48	2	2	3829
71	48	2	2	3830
72	48	2	2	3831
73	48	2	2	3832
74	48	2	2	3833
75	48	2	2	3834
76	48	2	2	3835
77	48	2	2	3836
78	48	2	2	3837
79	48	2	2	3838
80	48	2	2	3839
1	49	2	2	3840
2	49	2	2	3841
3	49	2	2	3842
4	49	2	2	3843
5	49	2	2	3844
6	49	2	2	3845
7	49	2	2	3846
8	49	2	2	3847
9	49	2	2	3848
10	49	2	2	3849
11	49	2	2	3850
12	49	2	2	3851
13	49	2	2	3852
14	49	2	2	3853
15	49	2	2	3854
16	49	2	2	3855
17	49	2	2	3856
18	49	2	2	3857
19	49	2	2	3858
20	49	2	2	3859
21	49	2	2	3860
22	49	2	2	3861
23	49	2	2	3862
24	49	2	2	3863
25	49	2	2	3864
26	49	2	2	3865
27	49	2	2	3866
28	49	2	2	3867
29	49	2	2	3868
30	49	2	2	3869
31	49	2	2	3870
32	49	2	2	3871
33	49	2	2	3872
34	49	2	2	3873
35	49	2	2	3874
36	49	2	2	3875
37	49	2	2	3876
38	49	2	2	3877
39	49	2	2	3878
40	49	2	2	3879
41	49	2	2	3880
42	49	2	2	3881
43	49	2	2	3882
44	49	2	2	3883
45	49	2	2	3884
46	49	2	2	3885
47	49	2	2	3886
48	49	2	2	3887
49	49	2	2	3888
50	49	2	2	3889
51	49	2	2	3890
52	49	2	2	3891
53	49	2	2	3892
54	49	2	2	3893
55	49	2	2	3894
56	49	2	2	3895
57	49	2	2	3896
58	49	2	2	3897
59	49	2	2	3898
60	49	2	2	3899
61	49	2	2	3900
62	49	2	2	3901
63	49	2	2	3902
64	49	2	2	3903
65	49	2	2	3904
66	49	2	2	3905
67	49	2	2	3906
68	49	2	2	3907
69	49	2	2	3908
70	49	2	2	3909
71	49	2	2	3910
72	49	2	2	3911
73	49	2	2	3912
74	49	2	2	3913
75	49	2	2	3914
76	49	2	2	3915
77	49	2	2	3916
78	49	2	2	3917
79	49	2	2	3918
80	49	2	2	3919
1	50	2	2	3920
2	50	2	2	3921
3	50	2	2	3922
4	50	2	2	3923
5	50	2	2	3924
6	50	2	2	3925
7	50	2	2	3926
8	50	2	2	3927
9	50	2	2	3928
10	50	2	2	3929
11	50	2	2	3930
12	50	2	2	3931
13	50	2	2	3932
14	50	2	2	3933
15	50	2	2	3934
16	50	2	2	3935
17	50	2	2	3936
18	50	2	2	3937
19	50	2	2	3938
20	50	2	2	3939
21	50	2	2	3940
22	50	2	2	3941
23	50	2	2	3942
24	50	2	2	3943
25	50	2	2	3944
26	50	2	2	3945
27	50	2	2	3946
28	50	2	2	3947
29	50	2	2	3948
30	50	2	2	3949
31	50	2	2	3950
32	50	2	2	3951
33	50	2	2	3952
34	50	2	2	3953
35	50	2	2	3954
36	50	2	2	3955
37	50	2	2	3956
38	50	2	2	3957
39	50	2	2	3958
40	50	2	2	3959
41	50	2	2	3960
42	50	2	2	3961
43	50	2	2	3962
44	50	2	2	3963
45	50	2	2	3964
46	50	2	2	3965
47	50	2	2	3966
48	50	2	2	3967
49	50	2	2	3968
50	50	2	2	3969
51	50	2	2	3970
52	50	2	2	3971
53	50	2	2	3972
54	50	2	2	3973
55	50	2	2	3974
56	50	2	2	3975
57	50	2	2	3976
58	50	2	2	3977
59	50	2	2	3978
60	50	2	2	3979
61	50	2	2	3980
62	50	2	2	3981
63	50	2	2	3982
64	50	2	2	3983
65	50	2	2	3984
66	50	2	2	3985
67	50	2	2	3986
68	50	2	2	3987
69	50	2	2	3988
70	50	2	2	3989
71	50	2	2	3990
72	50	2	2	3991
73	50	2	2	3992
74	50	2	2	3993
75	50	2	2	3994
76	50	2	2	3995
77	50	2	2	3996
78	50	2	2	3997
79	50	2	2	3998
80	50	2	2	3999
1	51	2	2	4000
2	51	2	2	4001
3	51	2	2	4002
4	51	2	2	4003
5	51	2	2	4004
6	51	2	2	4005
7	51	2	2	4006
8	51	2	2	4007
9	51	2	2	4008
10	51	2	2	4009
11	51	2	2	4010
12	51	2	2	4011
13	51	2	2	4012
14	51	2	2	4013
15	51	2	2	4014
16	51	2	2	4015
17	51	2	2	4016
18	51	2	2	4017
19	51	2	2	4018
20	51	2	2	4019
21	51	2	2	4020
22	51	2	2	4021
23	51	2	2	4022
24	51	2	2	4023
25	51	2	2	4024
26	51	2	2	4025
27	51	2	2	4026
28	51	2	2	4027
29	51	2	2	4028
30	51	2	2	4029
31	51	2	2	4030
32	51	2	2	4031
33	51	2	2	4032
34	51	2	2	4033
35	51	2	2	4034
36	51	2	2	4035
37	51	2	2	4036
38	51	2	2	4037
39	51	2	2	4038
40	51	2	2	4039
41	51	2	2	4040
42	51	2	2	4041
43	51	2	2	4042
44	51	2	2	4043
45	51	2	2	4044
46	51	2	2	4045
47	51	2	2	4046
48	51	2	2	4047
49	51	2	2	4048
50	51	2	2	4049
51	51	2	2	4050
52	51	2	2	4051
53	51	2	2	4052
54	51	2	2	4053
55	51	2	2	4054
56	51	2	2	4055
57	51	2	2	4056
58	51	2	2	4057
59	51	2	2	4058
60	51	2	2	4059
61	51	2	2	4060
62	51	2	2	4061
63	51	2	2	4062
64	51	2	2	4063
65	51	2	2	4064
66	51	2	2	4065
67	51	2	2	4066
68	51	2	2	4067
69	51	2	2	4068
70	51	2	2	4069
71	51	2	2	4070
72	51	2	2	4071
73	51	2	2	4072
74	51	2	2	4073
75	51	2	2	4074
76	51	2	2	4075
77	51	2	2	4076
78	51	2	2	4077
79	51	2	2	4078
80	51	2	2	4079
1	52	2	2	4080
2	52	2	2	4081
3	52	2	2	4082
4	52	2	2	4083
5	52	2	2	4084
6	52	2	2	4085
7	52	2	2	4086
8	52	2	2	4087
9	52	2	2	4088
10	52	2	2	4089
11	52	2	2	4090
12	52	2	2	4091
13	52	2	2	4092
14	52	2	2	4093
15	52	2	2	4094
16	52	2	2	4095
17	52	2	2	4096
18	52	2	2	4097
19	52	2	2	4098
20	52	2	2	4099
21	52	2	2	4100
22	52	2	2	4101
23	52	2	2	4102
24	52	2	2	4103
25	52	2	2	4104
26	52	2	2	4105
27	52	2	2	4106
28	52	2	2	4107
29	52	2	2	4108
30	52	2	2	4109
31	52	2	2	4110
32	52	2	2	4111
33	52	2	2	4112
34	52	2	2	4113
35	52	2	2	4114
36	52	2	2	4115
37	52	2	2	4116
38	52	2	2	4117
39	52	2	2	4118
40	52	2	2	4119
41	52	2	2	4120
42	52	2	2	4121
43	52	2	2	4122
44	52	2	2	4123
45	52	2	2	4124
46	52	2	2	4125
47	52	2	2	4126
48	52	2	2	4127
49	52	2	2	4128
50	52	2	2	4129
51	52	2	2	4130
52	52	2	2	4131
53	52	2	2	4132
54	52	2	2	4133
55	52	2	2	4134
56	52	2	2	4135
57	52	2	2	4136
58	52	2	2	4137
59	52	2	2	4138
60	52	2	2	4139
61	52	2	2	4140
62	52	2	2	4141
63	52	2	2	4142
64	52	2	2	4143
65	52	2	2	4144
66	52	2	2	4145
67	52	2	2	4146
68	52	2	2	4147
69	52	2	2	4148
70	52	2	2	4149
71	52	2	2	4150
72	52	2	2	4151
73	52	2	2	4152
74	52	2	2	4153
75	52	2	2	4154
76	52	2	2	4155
77	52	2	2	4156
78	52	2	2	4157
79	52	2	2	4158
80	52	2	2	4159
1	53	2	2	4160
2	53	2	2	4161
3	53	2	2	4162
4	53	2	2	4163
5	53	2	2	4164
6	53	2	2	4165
7	53	2	2	4166
8	53	2	2	4167
9	53	2	2	4168
10	53	2	2	4169
11	53	2	2	4170
12	53	2	2	4171
13	53	2	2	4172
14	53	2	2	4173
15	53	2	2	4174
16	53	2	2	4175
17	53	2	2	4176
18	53	2	2	4177
19	53	2	2	4178
20	53	2	2	4179
21	53	2	2	4180
22	53	2	2	4181
23	53	2	2	4182
24	53	2	2	4183
25	53	2	2	4184
26	53	2	2	4185
27	53	2	2	4186
28	53	2	2	4187
29	53	2	2	4188
30	53	2	2	4189
31	53	2	2	4190
32	53	2	2	4191
33	53	2	2	4192
34	53	2	2	4193
35	53	2	2	4194
36	53	2	2	4195
37	53	2	2	4196
38	53	2	2	4197
39	53	2	2	4198
40	53	2	2	4199
41	53	2	2	4200
42	53	2	2	4201
43	53	2	2	4202
44	53	2	2	4203
45	53	2	2	4204
46	53	2	2	4205
47	53	2	2	4206
48	53	2	2	4207
49	53	2	2	4208
50	53	2	2	4209
51	53	2	2	4210
52	53	2	2	4211
53	53	2	2	4212
54	53	2	2	4213
55	53	2	2	4214
56	53	2	2	4215
57	53	2	2	4216
58	53	2	2	4217
59	53	2	2	4218
60	53	2	2	4219
61	53	2	2	4220
62	53	2	2	4221
63	53	2	2	4222
64	53	2	2	4223
65	53	2	2	4224
66	53	2	2	4225
67	53	2	2	4226
68	53	2	2	4227
69	53	2	2	4228
70	53	2	2	4229
71	53	2	2	4230
72	53	2	2	4231
73	53	2	2	4232
74	53	2	2	4233
75	53	2	2	4234
76	53	2	2	4235
77	53	2	2	4236
78	53	2	2	4237
79	53	2	2	4238
80	53	2	2	4239
1	54	2	2	4240
2	54	2	2	4241
3	54	2	2	4242
4	54	2	2	4243
5	54	2	2	4244
6	54	2	2	4245
7	54	2	2	4246
8	54	2	2	4247
9	54	2	2	4248
10	54	2	2	4249
11	54	2	2	4250
12	54	2	2	4251
13	54	2	2	4252
14	54	2	2	4253
15	54	2	2	4254
16	54	2	2	4255
17	54	2	2	4256
18	54	2	2	4257
19	54	2	2	4258
20	54	2	2	4259
21	54	2	2	4260
22	54	2	2	4261
23	54	2	2	4262
24	54	2	2	4263
25	54	2	2	4264
26	54	2	2	4265
27	54	2	2	4266
28	54	2	2	4267
29	54	2	2	4268
30	54	2	2	4269
31	54	2	2	4270
32	54	2	2	4271
33	54	2	2	4272
34	54	2	2	4273
35	54	2	2	4274
36	54	2	2	4275
37	54	2	2	4276
38	54	2	2	4277
39	54	2	2	4278
40	54	2	2	4279
41	54	2	2	4280
42	54	2	2	4281
43	54	2	2	4282
44	54	2	2	4283
45	54	2	2	4284
46	54	2	2	4285
47	54	2	2	4286
48	54	2	2	4287
49	54	2	2	4288
50	54	2	2	4289
51	54	2	2	4290
52	54	2	2	4291
53	54	2	2	4292
54	54	2	2	4293
55	54	2	2	4294
56	54	2	2	4295
57	54	2	2	4296
58	54	2	2	4297
59	54	2	2	4298
60	54	2	2	4299
61	54	2	2	4300
62	54	2	2	4301
63	54	2	2	4302
64	54	2	2	4303
65	54	2	2	4304
66	54	2	2	4305
67	54	2	2	4306
68	54	2	2	4307
69	54	2	2	4308
70	54	2	2	4309
71	54	2	2	4310
72	54	2	2	4311
73	54	2	2	4312
74	54	2	2	4313
75	54	2	2	4314
76	54	2	2	4315
77	54	2	2	4316
78	54	2	2	4317
79	54	2	2	4318
80	54	2	2	4319
1	55	2	2	4320
2	55	2	2	4321
3	55	2	2	4322
4	55	2	2	4323
5	55	2	2	4324
6	55	2	2	4325
7	55	2	2	4326
8	55	2	2	4327
9	55	2	2	4328
10	55	2	2	4329
11	55	2	2	4330
12	55	2	2	4331
13	55	2	2	4332
14	55	2	2	4333
15	55	2	2	4334
16	55	2	2	4335
17	55	2	2	4336
18	55	2	2	4337
19	55	2	2	4338
20	55	2	2	4339
21	55	2	2	4340
22	55	2	2	4341
23	55	2	2	4342
24	55	2	2	4343
25	55	2	2	4344
26	55	2	2	4345
27	55	2	2	4346
28	55	2	2	4347
29	55	2	2	4348
30	55	2	2	4349
31	55	2	2	4350
32	55	2	2	4351
33	55	2	2	4352
34	55	2	2	4353
35	55	2	2	4354
36	55	2	2	4355
37	55	2	2	4356
38	55	2	2	4357
39	55	2	2	4358
40	55	2	2	4359
41	55	2	2	4360
42	55	2	2	4361
43	55	2	2	4362
44	55	2	2	4363
45	55	2	2	4364
46	55	2	2	4365
47	55	2	2	4366
48	55	2	2	4367
49	55	2	2	4368
50	55	2	2	4369
51	55	2	2	4370
52	55	2	2	4371
53	55	2	2	4372
54	55	2	2	4373
55	55	2	2	4374
56	55	2	2	4375
57	55	2	2	4376
58	55	2	2	4377
59	55	2	2	4378
60	55	2	2	4379
61	55	2	2	4380
62	55	2	2	4381
63	55	2	2	4382
64	55	2	2	4383
65	55	2	2	4384
66	55	2	2	4385
67	55	2	2	4386
68	55	2	2	4387
69	55	2	2	4388
70	55	2	2	4389
71	55	2	2	4390
72	55	2	2	4391
73	55	2	2	4392
74	55	2	2	4393
75	55	2	2	4394
76	55	2	2	4395
77	55	2	2	4396
78	55	2	2	4397
79	55	2	2	4398
80	55	2	2	4399
1	56	2	2	4400
2	56	2	2	4401
3	56	2	2	4402
4	56	2	2	4403
5	56	2	2	4404
6	56	2	2	4405
7	56	2	2	4406
8	56	2	2	4407
9	56	2	2	4408
10	56	2	2	4409
11	56	2	2	4410
12	56	2	2	4411
13	56	2	2	4412
14	56	2	2	4413
15	56	2	2	4414
16	56	2	2	4415
17	56	2	2	4416
18	56	2	2	4417
19	56	2	2	4418
20	56	2	2	4419
21	56	2	2	4420
22	56	2	2	4421
23	56	2	2	4422
24	56	2	2	4423
25	56	2	2	4424
26	56	2	2	4425
27	56	2	2	4426
28	56	2	2	4427
29	56	2	2	4428
30	56	2	2	4429
31	56	2	2	4430
32	56	2	2	4431
33	56	2	2	4432
34	56	2	2	4433
35	56	2	2	4434
36	56	2	2	4435
37	56	2	2	4436
38	56	2	2	4437
39	56	2	2	4438
40	56	2	2	4439
41	56	2	2	4440
42	56	2	2	4441
43	56	2	2	4442
44	56	2	2	4443
45	56	2	2	4444
46	56	2	2	4445
47	56	2	2	4446
48	56	2	2	4447
49	56	2	2	4448
50	56	2	2	4449
51	56	2	2	4450
52	56	2	2	4451
53	56	2	2	4452
54	56	2	2	4453
55	56	2	2	4454
56	56	2	2	4455
57	56	2	2	4456
58	56	2	2	4457
59	56	2	2	4458
60	56	2	2	4459
61	56	2	2	4460
62	56	2	2	4461
63	56	2	2	4462
64	56	2	2	4463
65	56	2	2	4464
66	56	2	2	4465
67	56	2	2	4466
68	56	2	2	4467
69	56	2	2	4468
70	56	2	2	4469
71	56	2	2	4470
72	56	2	2	4471
73	56	2	2	4472
74	56	2	2	4473
75	56	2	2	4474
76	56	2	2	4475
77	56	2	2	4476
78	56	2	2	4477
79	56	2	2	4478
80	56	2	2	4479
1	57	2	2	4480
2	57	2	2	4481
3	57	2	2	4482
4	57	2	2	4483
5	57	2	2	4484
6	57	2	2	4485
7	57	2	2	4486
8	57	2	2	4487
9	57	2	2	4488
10	57	2	2	4489
11	57	2	2	4490
12	57	2	2	4491
13	57	2	2	4492
14	57	2	2	4493
15	57	2	2	4494
16	57	2	2	4495
17	57	2	2	4496
18	57	2	2	4497
19	57	2	2	4498
20	57	2	2	4499
21	57	2	2	4500
22	57	2	2	4501
23	57	2	2	4502
24	57	2	2	4503
25	57	2	2	4504
26	57	2	2	4505
27	57	2	2	4506
28	57	2	2	4507
29	57	2	2	4508
30	57	2	2	4509
31	57	2	2	4510
32	57	2	2	4511
33	57	2	2	4512
34	57	2	2	4513
35	57	2	2	4514
36	57	2	2	4515
37	57	2	2	4516
38	57	2	2	4517
39	57	2	2	4518
40	57	2	2	4519
41	57	2	2	4520
42	57	2	2	4521
43	57	2	2	4522
44	57	2	2	4523
45	57	2	2	4524
46	57	2	2	4525
47	57	2	2	4526
48	57	2	2	4527
49	57	2	2	4528
50	57	2	2	4529
51	57	2	2	4530
52	57	2	2	4531
53	57	2	2	4532
54	57	2	2	4533
55	57	2	2	4534
56	57	2	2	4535
57	57	2	2	4536
58	57	2	2	4537
59	57	2	2	4538
60	57	2	2	4539
61	57	2	2	4540
62	57	2	2	4541
63	57	2	2	4542
64	57	2	2	4543
65	57	2	2	4544
66	57	2	2	4545
67	57	2	2	4546
68	57	2	2	4547
69	57	2	2	4548
70	57	2	2	4549
71	57	2	2	4550
72	57	2	2	4551
73	57	2	2	4552
74	57	2	2	4553
75	57	2	2	4554
76	57	2	2	4555
77	57	2	2	4556
78	57	2	2	4557
79	57	2	2	4558
80	57	2	2	4559
1	58	2	2	4560
2	58	2	2	4561
3	58	2	2	4562
4	58	2	2	4563
5	58	2	2	4564
6	58	2	2	4565
7	58	2	2	4566
8	58	2	2	4567
9	58	2	2	4568
10	58	2	2	4569
11	58	2	2	4570
12	58	2	2	4571
13	58	2	2	4572
14	58	2	2	4573
15	58	2	2	4574
16	58	2	2	4575
17	58	2	2	4576
18	58	2	2	4577
19	58	2	2	4578
20	58	2	2	4579
21	58	2	2	4580
22	58	2	2	4581
23	58	2	2	4582
24	58	2	2	4583
25	58	2	2	4584
26	58	2	2	4585
27	58	2	2	4586
28	58	2	2	4587
29	58	2	2	4588
30	58	2	2	4589
31	58	2	2	4590
32	58	2	2	4591
33	58	2	2	4592
34	58	2	2	4593
35	58	2	2	4594
36	58	2	2	4595
37	58	2	2	4596
38	58	2	2	4597
39	58	2	2	4598
40	58	2	2	4599
41	58	2	2	4600
42	58	2	2	4601
43	58	2	2	4602
44	58	2	2	4603
45	58	2	2	4604
46	58	2	2	4605
47	58	2	2	4606
48	58	2	2	4607
49	58	2	2	4608
50	58	2	2	4609
51	58	2	2	4610
52	58	2	2	4611
53	58	2	2	4612
54	58	2	2	4613
55	58	2	2	4614
56	58	2	2	4615
57	58	2	2	4616
58	58	2	2	4617
59	58	2	2	4618
60	58	2	2	4619
61	58	2	2	4620
62	58	2	2	4621
63	58	2	2	4622
64	58	2	2	4623
65	58	2	2	4624
66	58	2	2	4625
67	58	2	2	4626
68	58	2	2	4627
69	58	2	2	4628
70	58	2	2	4629
71	58	2	2	4630
72	58	2	2	4631
73	58	2	2	4632
74	58	2	2	4633
75	58	2	2	4634
76	58	2	2	4635
77	58	2	2	4636
78	58	2	2	4637
79	58	2	2	4638
80	58	2	2	4639
1	59	2	2	4640
2	59	2	2	4641
3	59	2	2	4642
4	59	2	2	4643
5	59	2	2	4644
6	59	2	2	4645
7	59	2	2	4646
8	59	2	2	4647
9	59	2	2	4648
10	59	2	2	4649
11	59	2	2	4650
12	59	2	2	4651
13	59	2	2	4652
14	59	2	2	4653
15	59	2	2	4654
16	59	2	2	4655
17	59	2	2	4656
18	59	2	2	4657
19	59	2	2	4658
20	59	2	2	4659
21	59	2	2	4660
22	59	2	2	4661
23	59	2	2	4662
24	59	2	2	4663
25	59	2	2	4664
26	59	2	2	4665
27	59	2	2	4666
28	59	2	2	4667
29	59	2	2	4668
30	59	2	2	4669
31	59	2	2	4670
32	59	2	2	4671
33	59	2	2	4672
34	59	2	2	4673
35	59	2	2	4674
36	59	2	2	4675
37	59	2	2	4676
38	59	2	2	4677
39	59	2	2	4678
40	59	2	2	4679
41	59	2	2	4680
42	59	2	2	4681
43	59	2	2	4682
44	59	2	2	4683
45	59	2	2	4684
46	59	2	2	4685
47	59	2	2	4686
48	59	2	2	4687
49	59	2	2	4688
50	59	2	2	4689
51	59	2	2	4690
52	59	2	2	4691
53	59	2	2	4692
54	59	2	2	4693
55	59	2	2	4694
56	59	2	2	4695
57	59	2	2	4696
58	59	2	2	4697
59	59	2	2	4698
60	59	2	2	4699
61	59	2	2	4700
62	59	2	2	4701
63	59	2	2	4702
64	59	2	2	4703
65	59	2	2	4704
66	59	2	2	4705
67	59	2	2	4706
68	59	2	2	4707
69	59	2	2	4708
70	59	2	2	4709
71	59	2	2	4710
72	59	2	2	4711
73	59	2	2	4712
74	59	2	2	4713
75	59	2	2	4714
76	59	2	2	4715
77	59	2	2	4716
78	59	2	2	4717
79	59	2	2	4718
80	59	2	2	4719
1	60	2	2	4720
2	60	2	2	4721
3	60	2	2	4722
4	60	2	2	4723
5	60	2	2	4724
6	60	2	2	4725
7	60	2	2	4726
8	60	2	2	4727
9	60	2	2	4728
10	60	2	2	4729
11	60	2	2	4730
12	60	2	2	4731
13	60	2	2	4732
14	60	2	2	4733
15	60	2	2	4734
16	60	2	2	4735
17	60	2	2	4736
18	60	2	2	4737
19	60	2	2	4738
20	60	2	2	4739
21	60	2	2	4740
22	60	2	2	4741
23	60	2	2	4742
24	60	2	2	4743
25	60	2	2	4744
26	60	2	2	4745
27	60	2	2	4746
28	60	2	2	4747
29	60	2	2	4748
30	60	2	2	4749
31	60	2	2	4750
32	60	2	2	4751
33	60	2	2	4752
34	60	2	2	4753
35	60	2	2	4754
36	60	2	2	4755
37	60	2	2	4756
38	60	2	2	4757
39	60	2	2	4758
40	60	2	2	4759
41	60	2	2	4760
42	60	2	2	4761
43	60	2	2	4762
44	60	2	2	4763
45	60	2	2	4764
46	60	2	2	4765
47	60	2	2	4766
48	60	2	2	4767
49	60	2	2	4768
50	60	2	2	4769
51	60	2	2	4770
52	60	2	2	4771
53	60	2	2	4772
54	60	2	2	4773
55	60	2	2	4774
56	60	2	2	4775
57	60	2	2	4776
58	60	2	2	4777
59	60	2	2	4778
60	60	2	2	4779
61	60	2	2	4780
62	60	2	2	4781
63	60	2	2	4782
64	60	2	2	4783
65	60	2	2	4784
66	60	2	2	4785
67	60	2	2	4786
68	60	2	2	4787
69	60	2	2	4788
70	60	2	2	4789
71	60	2	2	4790
72	60	2	2	4791
73	60	2	2	4792
74	60	2	2	4793
75	60	2	2	4794
76	60	2	2	4795
77	60	2	2	4796
78	60	2	2	4797
79	60	2	2	4798
80	60	2	2	4799
1	61	2	2	4800
2	61	2	2	4801
3	61	2	2	4802
4	61	2	2	4803
5	61	2	2	4804
6	61	2	2	4805
7	61	2	2	4806
8	61	2	2	4807
9	61	2	2	4808
10	61	2	2	4809
11	61	2	2	4810
12	61	2	2	4811
13	61	2	2	4812
14	61	2	2	4813
15	61	2	2	4814
16	61	2	2	4815
17	61	2	2	4816
18	61	2	2	4817
19	61	2	2	4818
20	61	2	2	4819
21	61	2	2	4820
22	61	2	2	4821
23	61	2	2	4822
24	61	2	2	4823
25	61	2	2	4824
26	61	2	2	4825
27	61	2	2	4826
28	61	2	2	4827
29	61	2	2	4828
30	61	2	2	4829
31	61	2	2	4830
32	61	2	2	4831
33	61	2	2	4832
34	61	2	2	4833
35	61	2	2	4834
36	61	2	2	4835
37	61	2	2	4836
38	61	2	2	4837
39	61	2	2	4838
40	61	2	2	4839
41	61	2	2	4840
42	61	2	2	4841
43	61	2	2	4842
44	61	2	2	4843
45	61	2	2	4844
46	61	2	2	4845
47	61	2	2	4846
48	61	2	2	4847
49	61	2	2	4848
50	61	2	2	4849
51	61	2	2	4850
52	61	2	2	4851
53	61	2	2	4852
54	61	2	2	4853
55	61	2	2	4854
56	61	2	2	4855
57	61	2	2	4856
58	61	2	2	4857
59	61	2	2	4858
60	61	2	2	4859
61	61	2	2	4860
62	61	2	2	4861
63	61	2	2	4862
64	61	2	2	4863
65	61	2	2	4864
66	61	2	2	4865
67	61	2	2	4866
68	61	2	2	4867
69	61	2	2	4868
70	61	2	2	4869
71	61	2	2	4870
72	61	2	2	4871
73	61	2	2	4872
74	61	2	2	4873
75	61	2	2	4874
76	61	2	2	4875
77	61	2	2	4876
78	61	2	2	4877
79	61	2	2	4878
80	61	2	2	4879
1	62	2	2	4880
2	62	2	2	4881
3	62	2	2	4882
4	62	2	2	4883
5	62	2	2	4884
6	62	2	2	4885
7	62	2	2	4886
8	62	2	2	4887
9	62	2	2	4888
10	62	2	2	4889
11	62	2	2	4890
12	62	2	2	4891
13	62	2	2	4892
14	62	2	2	4893
15	62	2	2	4894
16	62	2	2	4895
17	62	2	2	4896
18	62	2	2	4897
19	62	2	2	4898
20	62	2	2	4899
21	62	2	2	4900
22	62	2	2	4901
23	62	2	2	4902
24	62	2	2	4903
25	62	2	2	4904
26	62	2	2	4905
27	62	2	2	4906
28	62	2	2	4907
29	62	2	2	4908
30	62	2	2	4909
31	62	2	2	4910
32	62	2	2	4911
33	62	2	2	4912
34	62	2	2	4913
35	62	2	2	4914
36	62	2	2	4915
37	62	2	2	4916
38	62	2	2	4917
39	62	2	2	4918
40	62	2	2	4919
41	62	2	2	4920
42	62	2	2	4921
43	62	2	2	4922
44	62	2	2	4923
45	62	2	2	4924
46	62	2	2	4925
47	62	2	2	4926
48	62	2	2	4927
49	62	2	2	4928
50	62	2	2	4929
51	62	2	2	4930
52	62	2	2	4931
53	62	2	2	4932
54	62	2	2	4933
55	62	2	2	4934
56	62	2	2	4935
57	62	2	2	4936
58	62	2	2	4937
59	62	2	2	4938
60	62	2	2	4939
61	62	2	2	4940
62	62	2	2	4941
63	62	2	2	4942
64	62	2	2	4943
65	62	2	2	4944
66	62	2	2	4945
67	62	2	2	4946
68	62	2	2	4947
69	62	2	2	4948
70	62	2	2	4949
71	62	2	2	4950
72	62	2	2	4951
73	62	2	2	4952
74	62	2	2	4953
75	62	2	2	4954
76	62	2	2	4955
77	62	2	2	4956
78	62	2	2	4957
79	62	2	2	4958
80	62	2	2	4959
1	63	2	2	4960
2	63	2	2	4961
3	63	2	2	4962
4	63	2	2	4963
5	63	2	2	4964
6	63	2	2	4965
7	63	2	2	4966
8	63	2	2	4967
9	63	2	2	4968
10	63	2	2	4969
11	63	2	2	4970
12	63	2	2	4971
13	63	2	2	4972
14	63	2	2	4973
15	63	2	2	4974
16	63	2	2	4975
17	63	2	2	4976
18	63	2	2	4977
19	63	2	2	4978
20	63	2	2	4979
21	63	2	2	4980
22	63	2	2	4981
23	63	2	2	4982
24	63	2	2	4983
25	63	2	2	4984
26	63	2	2	4985
27	63	2	2	4986
28	63	2	2	4987
29	63	2	2	4988
30	63	2	2	4989
31	63	2	2	4990
32	63	2	2	4991
33	63	2	2	4992
34	63	2	2	4993
35	63	2	2	4994
36	63	2	2	4995
37	63	2	2	4996
38	63	2	2	4997
39	63	2	2	4998
40	63	2	2	4999
41	63	2	2	5000
42	63	2	2	5001
43	63	2	2	5002
44	63	2	2	5003
45	63	2	2	5004
46	63	2	2	5005
47	63	2	2	5006
48	63	2	2	5007
49	63	2	2	5008
50	63	2	2	5009
51	63	2	2	5010
52	63	2	2	5011
53	63	2	2	5012
54	63	2	2	5013
55	63	2	2	5014
56	63	2	2	5015
57	63	2	2	5016
58	63	2	2	5017
59	63	2	2	5018
60	63	2	2	5019
61	63	2	2	5020
62	63	2	2	5021
63	63	2	2	5022
64	63	2	2	5023
65	63	2	2	5024
66	63	2	2	5025
67	63	2	2	5026
68	63	2	2	5027
69	63	2	2	5028
70	63	2	2	5029
71	63	2	2	5030
72	63	2	2	5031
73	63	2	2	5032
74	63	2	2	5033
75	63	2	2	5034
76	63	2	2	5035
77	63	2	2	5036
78	63	2	2	5037
79	63	2	2	5038
80	63	2	2	5039
1	64	2	2	5040
2	64	2	2	5041
3	64	2	2	5042
4	64	2	2	5043
5	64	2	2	5044
6	64	2	2	5045
7	64	2	2	5046
8	64	2	2	5047
9	64	2	2	5048
10	64	2	2	5049
11	64	2	2	5050
12	64	2	2	5051
13	64	2	2	5052
14	64	2	2	5053
15	64	2	2	5054
16	64	2	2	5055
17	64	2	2	5056
18	64	2	2	5057
19	64	2	2	5058
20	64	2	2	5059
21	64	2	2	5060
22	64	2	2	5061
23	64	2	2	5062
24	64	2	2	5063
25	64	2	2	5064
26	64	2	2	5065
27	64	2	2	5066
28	64	2	2	5067
29	64	2	2	5068
30	64	2	2	5069
31	64	2	2	5070
32	64	2	2	5071
33	64	2	2	5072
34	64	2	2	5073
35	64	2	2	5074
36	64	2	2	5075
37	64	2	2	5076
38	64	2	2	5077
39	64	2	2	5078
40	64	2	2	5079
41	64	2	2	5080
42	64	2	2	5081
43	64	2	2	5082
44	64	2	2	5083
45	64	2	2	5084
46	64	2	2	5085
47	64	2	2	5086
48	64	2	2	5087
49	64	2	2	5088
50	64	2	2	5089
51	64	2	2	5090
52	64	2	2	5091
53	64	2	2	5092
54	64	2	2	5093
55	64	2	2	5094
56	64	2	2	5095
57	64	2	2	5096
58	64	2	2	5097
59	64	2	2	5098
60	64	2	2	5099
61	64	2	2	5100
62	64	2	2	5101
63	64	2	2	5102
64	64	2	2	5103
65	64	2	2	5104
66	64	2	2	5105
67	64	2	2	5106
68	64	2	2	5107
69	64	2	2	5108
70	64	2	2	5109
71	64	2	2	5110
72	64	2	2	5111
73	64	2	2	5112
74	64	2	2	5113
75	64	2	2	5114
76	64	2	2	5115
77	64	2	2	5116
78	64	2	2	5117
79	64	2	2	5118
80	64	2	2	5119
1	65	2	2	5120
2	65	2	2	5121
3	65	2	2	5122
4	65	2	2	5123
5	65	2	2	5124
6	65	2	2	5125
7	65	2	2	5126
8	65	2	2	5127
9	65	2	2	5128
10	65	2	2	5129
11	65	2	2	5130
12	65	2	2	5131
13	65	2	2	5132
14	65	2	2	5133
15	65	2	2	5134
16	65	2	2	5135
17	65	2	2	5136
18	65	2	2	5137
19	65	2	2	5138
20	65	2	2	5139
21	65	2	2	5140
22	65	2	2	5141
23	65	2	2	5142
24	65	2	2	5143
25	65	2	2	5144
26	65	2	2	5145
27	65	2	2	5146
28	65	2	2	5147
29	65	2	2	5148
30	65	2	2	5149
31	65	2	2	5150
32	65	2	2	5151
33	65	2	2	5152
34	65	2	2	5153
35	65	2	2	5154
36	65	2	2	5155
37	65	2	2	5156
38	65	2	2	5157
39	65	2	2	5158
40	65	2	2	5159
41	65	2	2	5160
42	65	2	2	5161
43	65	2	2	5162
44	65	2	2	5163
45	65	2	2	5164
46	65	2	2	5165
47	65	2	2	5166
48	65	2	2	5167
49	65	2	2	5168
50	65	2	2	5169
51	65	2	2	5170
52	65	2	2	5171
53	65	2	2	5172
54	65	2	2	5173
55	65	2	2	5174
56	65	2	2	5175
57	65	2	2	5176
58	65	2	2	5177
59	65	2	2	5178
60	65	2	2	5179
61	65	2	2	5180
62	65	2	2	5181
63	65	2	2	5182
64	65	2	2	5183
65	65	2	2	5184
66	65	2	2	5185
67	65	2	2	5186
68	65	2	2	5187
69	65	2	2	5188
70	65	2	2	5189
71	65	2	2	5190
72	65	2	2	5191
73	65	2	2	5192
74	65	2	2	5193
75	65	2	2	5194
76	65	2	2	5195
77	65	2	2	5196
78	65	2	2	5197
79	65	2	2	5198
80	65	2	2	5199
1	66	2	2	5200
2	66	2	2	5201
3	66	2	2	5202
4	66	2	2	5203
5	66	2	2	5204
6	66	2	2	5205
7	66	2	2	5206
8	66	2	2	5207
9	66	2	2	5208
10	66	2	2	5209
11	66	2	2	5210
12	66	2	2	5211
13	66	2	2	5212
14	66	2	2	5213
15	66	2	2	5214
16	66	2	2	5215
17	66	2	2	5216
18	66	2	2	5217
19	66	2	2	5218
20	66	2	2	5219
21	66	2	2	5220
22	66	2	2	5221
23	66	2	2	5222
24	66	2	2	5223
25	66	2	2	5224
26	66	2	2	5225
27	66	2	2	5226
28	66	2	2	5227
29	66	2	2	5228
30	66	2	2	5229
31	66	2	2	5230
32	66	2	2	5231
33	66	2	2	5232
34	66	2	2	5233
35	66	2	2	5234
36	66	2	2	5235
37	66	2	2	5236
38	66	2	2	5237
39	66	2	2	5238
40	66	2	2	5239
41	66	2	2	5240
42	66	2	2	5241
43	66	2	2	5242
44	66	2	2	5243
45	66	2	2	5244
46	66	2	2	5245
47	66	2	2	5246
48	66	2	2	5247
49	66	2	2	5248
50	66	2	2	5249
51	66	2	2	5250
52	66	2	2	5251
53	66	2	2	5252
54	66	2	2	5253
55	66	2	2	5254
56	66	2	2	5255
57	66	2	2	5256
58	66	2	2	5257
59	66	2	2	5258
60	66	2	2	5259
61	66	2	2	5260
62	66	2	2	5261
63	66	2	2	5262
64	66	2	2	5263
65	66	2	2	5264
66	66	2	2	5265
67	66	2	2	5266
68	66	2	2	5267
69	66	2	2	5268
70	66	2	2	5269
71	66	2	2	5270
72	66	2	2	5271
73	66	2	2	5272
74	66	2	2	5273
75	66	2	2	5274
76	66	2	2	5275
77	66	2	2	5276
78	66	2	2	5277
79	66	2	2	5278
80	66	2	2	5279
1	67	2	2	5280
2	67	2	2	5281
3	67	2	2	5282
4	67	2	2	5283
5	67	2	2	5284
6	67	2	2	5285
7	67	2	2	5286
8	67	2	2	5287
9	67	2	2	5288
10	67	2	2	5289
11	67	2	2	5290
12	67	2	2	5291
13	67	2	2	5292
14	67	2	2	5293
15	67	2	2	5294
16	67	2	2	5295
17	67	2	2	5296
18	67	2	2	5297
19	67	2	2	5298
20	67	2	2	5299
21	67	2	2	5300
22	67	2	2	5301
23	67	2	2	5302
24	67	2	2	5303
25	67	2	2	5304
26	67	2	2	5305
27	67	2	2	5306
28	67	2	2	5307
29	67	2	2	5308
30	67	2	2	5309
31	67	2	2	5310
32	67	2	2	5311
33	67	2	2	5312
34	67	2	2	5313
35	67	2	2	5314
36	67	2	2	5315
37	67	2	2	5316
38	67	2	2	5317
39	67	2	2	5318
40	67	2	2	5319
41	67	2	2	5320
42	67	2	2	5321
43	67	2	2	5322
44	67	2	2	5323
45	67	2	2	5324
46	67	2	2	5325
47	67	2	2	5326
48	67	2	2	5327
49	67	2	2	5328
50	67	2	2	5329
51	67	2	2	5330
52	67	2	2	5331
53	67	2	2	5332
54	67	2	2	5333
55	67	2	2	5334
56	67	2	2	5335
57	67	2	2	5336
58	67	2	2	5337
59	67	2	2	5338
60	67	2	2	5339
61	67	2	2	5340
62	67	2	2	5341
63	67	2	2	5342
64	67	2	2	5343
65	67	2	2	5344
66	67	2	2	5345
67	67	2	2	5346
68	67	2	2	5347
69	67	2	2	5348
70	67	2	2	5349
71	67	2	2	5350
72	67	2	2	5351
73	67	2	2	5352
74	67	2	2	5353
75	67	2	2	5354
76	67	2	2	5355
77	67	2	2	5356
78	67	2	2	5357
79	67	2	2	5358
80	67	2	2	5359
1	68	2	2	5360
2	68	2	2	5361
3	68	2	2	5362
4	68	2	2	5363
5	68	2	2	5364
6	68	2	2	5365
7	68	2	2	5366
8	68	2	2	5367
9	68	2	2	5368
10	68	2	2	5369
11	68	2	2	5370
12	68	2	2	5371
13	68	2	2	5372
14	68	2	2	5373
15	68	2	2	5374
16	68	2	2	5375
17	68	2	2	5376
18	68	2	2	5377
19	68	2	2	5378
20	68	2	2	5379
21	68	2	2	5380
22	68	2	2	5381
23	68	2	2	5382
24	68	2	2	5383
25	68	2	2	5384
26	68	2	2	5385
27	68	2	2	5386
28	68	2	2	5387
29	68	2	2	5388
30	68	2	2	5389
31	68	2	2	5390
32	68	2	2	5391
33	68	2	2	5392
34	68	2	2	5393
35	68	2	2	5394
36	68	2	2	5395
37	68	2	2	5396
38	68	2	2	5397
39	68	2	2	5398
40	68	2	2	5399
41	68	2	2	5400
42	68	2	2	5401
43	68	2	2	5402
44	68	2	2	5403
45	68	2	2	5404
46	68	2	2	5405
47	68	2	2	5406
48	68	2	2	5407
49	68	2	2	5408
50	68	2	2	5409
51	68	2	2	5410
52	68	2	2	5411
53	68	2	2	5412
54	68	2	2	5413
55	68	2	2	5414
56	68	2	2	5415
57	68	2	2	5416
58	68	2	2	5417
59	68	2	2	5418
60	68	2	2	5419
61	68	2	2	5420
62	68	2	2	5421
63	68	2	2	5422
64	68	2	2	5423
65	68	2	2	5424
66	68	2	2	5425
67	68	2	2	5426
68	68	2	2	5427
69	68	2	2	5428
70	68	2	2	5429
71	68	2	2	5430
72	68	2	2	5431
73	68	2	2	5432
74	68	2	2	5433
75	68	2	2	5434
76	68	2	2	5435
77	68	2	2	5436
78	68	2	2	5437
79	68	2	2	5438
80	68	2	2	5439
1	69	2	2	5440
2	69	2	2	5441
3	69	2	2	5442
4	69	2	2	5443
5	69	2	2	5444
6	69	2	2	5445
7	69	2	2	5446
8	69	2	2	5447
9	69	2	2	5448
10	69	2	2	5449
11	69	2	2	5450
12	69	2	2	5451
13	69	2	2	5452
14	69	2	2	5453
15	69	2	2	5454
16	69	2	2	5455
17	69	2	2	5456
18	69	2	2	5457
19	69	2	2	5458
20	69	2	2	5459
21	69	2	2	5460
22	69	2	2	5461
23	69	2	2	5462
24	69	2	2	5463
25	69	2	2	5464
26	69	2	2	5465
27	69	2	2	5466
28	69	2	2	5467
29	69	2	2	5468
30	69	2	2	5469
31	69	2	2	5470
32	69	2	2	5471
33	69	2	2	5472
34	69	2	2	5473
35	69	2	2	5474
36	69	2	2	5475
37	69	2	2	5476
38	69	2	2	5477
39	69	2	2	5478
40	69	2	2	5479
41	69	2	2	5480
42	69	2	2	5481
43	69	2	2	5482
44	69	2	2	5483
45	69	2	2	5484
46	69	2	2	5485
47	69	2	2	5486
48	69	2	2	5487
49	69	2	2	5488
50	69	2	2	5489
51	69	2	2	5490
52	69	2	2	5491
53	69	2	2	5492
54	69	2	2	5493
55	69	2	2	5494
56	69	2	2	5495
57	69	2	2	5496
58	69	2	2	5497
59	69	2	2	5498
60	69	2	2	5499
61	69	2	2	5500
62	69	2	2	5501
63	69	2	2	5502
64	69	2	2	5503
65	69	2	2	5504
66	69	2	2	5505
67	69	2	2	5506
68	69	2	2	5507
69	69	2	2	5508
70	69	2	2	5509
71	69	2	2	5510
72	69	2	2	5511
73	69	2	2	5512
74	69	2	2	5513
75	69	2	2	5514
76	69	2	2	5515
77	69	2	2	5516
78	69	2	2	5517
79	69	2	2	5518
80	69	2	2	5519
1	70	2	2	5520
2	70	2	2	5521
3	70	2	2	5522
4	70	2	2	5523
5	70	2	2	5524
6	70	2	2	5525
7	70	2	2	5526
8	70	2	2	5527
9	70	2	2	5528
10	70	2	2	5529
11	70	2	2	5530
12	70	2	2	5531
13	70	2	2	5532
14	70	2	2	5533
15	70	2	2	5534
16	70	2	2	5535
17	70	2	2	5536
18	70	2	2	5537
19	70	2	2	5538
20	70	2	2	5539
21	70	2	2	5540
22	70	2	2	5541
23	70	2	2	5542
24	70	2	2	5543
25	70	2	2	5544
26	70	2	2	5545
27	70	2	2	5546
28	70	2	2	5547
29	70	2	2	5548
30	70	2	2	5549
31	70	2	2	5550
32	70	2	2	5551
33	70	2	2	5552
34	70	2	2	5553
35	70	2	2	5554
36	70	2	2	5555
37	70	2	2	5556
38	70	2	2	5557
39	70	2	2	5558
40	70	2	2	5559
41	70	2	2	5560
42	70	2	2	5561
43	70	2	2	5562
44	70	2	2	5563
45	70	2	2	5564
46	70	2	2	5565
47	70	2	2	5566
48	70	2	2	5567
49	70	2	2	5568
50	70	2	2	5569
51	70	2	2	5570
52	70	2	2	5571
53	70	2	2	5572
54	70	2	2	5573
55	70	2	2	5574
56	70	2	2	5575
57	70	2	2	5576
58	70	2	2	5577
59	70	2	2	5578
60	70	2	2	5579
61	70	2	2	5580
62	70	2	2	5581
63	70	2	2	5582
64	70	2	2	5583
65	70	2	2	5584
66	70	2	2	5585
67	70	2	2	5586
68	70	2	2	5587
69	70	2	2	5588
70	70	2	2	5589
71	70	2	2	5590
72	70	2	2	5591
73	70	2	2	5592
74	70	2	2	5593
75	70	2	2	5594
76	70	2	2	5595
77	70	2	2	5596
78	70	2	2	5597
79	70	2	2	5598
80	70	2	2	5599
1	71	2	2	5600
2	71	2	2	5601
3	71	2	2	5602
4	71	2	2	5603
5	71	2	2	5604
6	71	2	2	5605
7	71	2	2	5606
8	71	2	2	5607
9	71	2	2	5608
10	71	2	2	5609
11	71	2	2	5610
12	71	2	2	5611
13	71	2	2	5612
14	71	2	2	5613
15	71	2	2	5614
16	71	2	2	5615
17	71	2	2	5616
18	71	2	2	5617
19	71	2	2	5618
20	71	2	2	5619
21	71	2	2	5620
22	71	2	2	5621
23	71	2	2	5622
24	71	2	2	5623
25	71	2	2	5624
26	71	2	2	5625
27	71	2	2	5626
28	71	2	2	5627
29	71	2	2	5628
30	71	2	2	5629
31	71	2	2	5630
32	71	2	2	5631
33	71	2	2	5632
34	71	2	2	5633
35	71	2	2	5634
36	71	2	2	5635
37	71	2	2	5636
38	71	2	2	5637
39	71	2	2	5638
40	71	2	2	5639
41	71	2	2	5640
42	71	2	2	5641
43	71	2	2	5642
44	71	2	2	5643
45	71	2	2	5644
46	71	2	2	5645
47	71	2	2	5646
48	71	2	2	5647
49	71	2	2	5648
50	71	2	2	5649
51	71	2	2	5650
52	71	2	2	5651
53	71	2	2	5652
54	71	2	2	5653
55	71	2	2	5654
56	71	2	2	5655
57	71	2	2	5656
58	71	2	2	5657
59	71	2	2	5658
60	71	2	2	5659
61	71	2	2	5660
62	71	2	2	5661
63	71	2	2	5662
64	71	2	2	5663
65	71	2	2	5664
66	71	2	2	5665
67	71	2	2	5666
68	71	2	2	5667
69	71	2	2	5668
70	71	2	2	5669
71	71	2	2	5670
72	71	2	2	5671
73	71	2	2	5672
74	71	2	2	5673
75	71	2	2	5674
76	71	2	2	5675
77	71	2	2	5676
78	71	2	2	5677
79	71	2	2	5678
80	71	2	2	5679
1	72	2	2	5680
2	72	2	2	5681
3	72	2	2	5682
4	72	2	2	5683
5	72	2	2	5684
6	72	2	2	5685
7	72	2	2	5686
8	72	2	2	5687
9	72	2	2	5688
10	72	2	2	5689
11	72	2	2	5690
12	72	2	2	5691
13	72	2	2	5692
14	72	2	2	5693
15	72	2	2	5694
16	72	2	2	5695
17	72	2	2	5696
18	72	2	2	5697
19	72	2	2	5698
20	72	2	2	5699
21	72	2	2	5700
22	72	2	2	5701
23	72	2	2	5702
24	72	2	2	5703
25	72	2	2	5704
26	72	2	2	5705
27	72	2	2	5706
28	72	2	2	5707
29	72	2	2	5708
30	72	2	2	5709
31	72	2	2	5710
32	72	2	2	5711
33	72	2	2	5712
34	72	2	2	5713
35	72	2	2	5714
36	72	2	2	5715
37	72	2	2	5716
38	72	2	2	5717
39	72	2	2	5718
40	72	2	2	5719
41	72	2	2	5720
42	72	2	2	5721
43	72	2	2	5722
44	72	2	2	5723
45	72	2	2	5724
46	72	2	2	5725
47	72	2	2	5726
48	72	2	2	5727
49	72	2	2	5728
50	72	2	2	5729
51	72	2	2	5730
52	72	2	2	5731
53	72	2	2	5732
54	72	2	2	5733
55	72	2	2	5734
56	72	2	2	5735
57	72	2	2	5736
58	72	2	2	5737
59	72	2	2	5738
60	72	2	2	5739
61	72	2	2	5740
62	72	2	2	5741
63	72	2	2	5742
64	72	2	2	5743
65	72	2	2	5744
66	72	2	2	5745
67	72	2	2	5746
68	72	2	2	5747
69	72	2	2	5748
70	72	2	2	5749
71	72	2	2	5750
72	72	2	2	5751
73	72	2	2	5752
74	72	2	2	5753
75	72	2	2	5754
76	72	2	2	5755
77	72	2	2	5756
78	72	2	2	5757
79	72	2	2	5758
80	72	2	2	5759
1	73	2	2	5760
2	73	2	2	5761
3	73	2	2	5762
4	73	2	2	5763
5	73	2	2	5764
6	73	2	2	5765
7	73	2	2	5766
8	73	2	2	5767
9	73	2	2	5768
10	73	2	2	5769
11	73	2	2	5770
12	73	2	2	5771
13	73	2	2	5772
14	73	2	2	5773
15	73	2	2	5774
16	73	2	2	5775
17	73	2	2	5776
18	73	2	2	5777
19	73	2	2	5778
20	73	2	2	5779
21	73	2	2	5780
22	73	2	2	5781
23	73	2	2	5782
24	73	2	2	5783
25	73	2	2	5784
26	73	2	2	5785
27	73	2	2	5786
28	73	2	2	5787
29	73	2	2	5788
30	73	2	2	5789
31	73	2	2	5790
32	73	2	2	5791
33	73	2	2	5792
34	73	2	2	5793
35	73	2	2	5794
36	73	2	2	5795
37	73	2	2	5796
38	73	2	2	5797
39	73	2	2	5798
40	73	2	2	5799
41	73	2	2	5800
42	73	2	2	5801
43	73	2	2	5802
44	73	2	2	5803
45	73	2	2	5804
46	73	2	2	5805
47	73	2	2	5806
48	73	2	2	5807
49	73	2	2	5808
50	73	2	2	5809
51	73	2	2	5810
52	73	2	2	5811
53	73	2	2	5812
54	73	2	2	5813
55	73	2	2	5814
56	73	2	2	5815
57	73	2	2	5816
58	73	2	2	5817
59	73	2	2	5818
60	73	2	2	5819
61	73	2	2	5820
62	73	2	2	5821
63	73	2	2	5822
64	73	2	2	5823
65	73	2	2	5824
66	73	2	2	5825
67	73	2	2	5826
68	73	2	2	5827
69	73	2	2	5828
70	73	2	2	5829
71	73	2	2	5830
72	73	2	2	5831
73	73	2	2	5832
74	73	2	2	5833
75	73	2	2	5834
76	73	2	2	5835
77	73	2	2	5836
78	73	2	2	5837
79	73	2	2	5838
80	73	2	2	5839
1	74	2	2	5840
2	74	2	2	5841
3	74	2	2	5842
4	74	2	2	5843
5	74	2	2	5844
6	74	2	2	5845
7	74	2	2	5846
8	74	2	2	5847
9	74	2	2	5848
10	74	2	2	5849
11	74	2	2	5850
12	74	2	2	5851
13	74	2	2	5852
14	74	2	2	5853
15	74	2	2	5854
16	74	2	2	5855
17	74	2	2	5856
18	74	2	2	5857
19	74	2	2	5858
20	74	2	2	5859
21	74	2	2	5860
22	74	2	2	5861
23	74	2	2	5862
24	74	2	2	5863
25	74	2	2	5864
26	74	2	2	5865
27	74	2	2	5866
28	74	2	2	5867
29	74	2	2	5868
30	74	2	2	5869
31	74	2	2	5870
32	74	2	2	5871
33	74	2	2	5872
34	74	2	2	5873
35	74	2	2	5874
36	74	2	2	5875
37	74	2	2	5876
38	74	2	2	5877
39	74	2	2	5878
40	74	2	2	5879
41	74	2	2	5880
42	74	2	2	5881
43	74	2	2	5882
44	74	2	2	5883
45	74	2	2	5884
46	74	2	2	5885
47	74	2	2	5886
48	74	2	2	5887
49	74	2	2	5888
50	74	2	2	5889
51	74	2	2	5890
52	74	2	2	5891
53	74	2	2	5892
54	74	2	2	5893
55	74	2	2	5894
56	74	2	2	5895
57	74	2	2	5896
58	74	2	2	5897
59	74	2	2	5898
60	74	2	2	5899
61	74	2	2	5900
62	74	2	2	5901
63	74	2	2	5902
64	74	2	2	5903
65	74	2	2	5904
66	74	2	2	5905
67	74	2	2	5906
68	74	2	2	5907
69	74	2	2	5908
70	74	2	2	5909
71	74	2	2	5910
72	74	2	2	5911
73	74	2	2	5912
74	74	2	2	5913
75	74	2	2	5914
76	74	2	2	5915
77	74	2	2	5916
78	74	2	2	5917
79	74	2	2	5918
80	74	2	2	5919
1	75	2	2	5920
2	75	2	2	5921
3	75	2	2	5922
4	75	2	2	5923
5	75	2	2	5924
6	75	2	2	5925
7	75	2	2	5926
8	75	2	2	5927
9	75	2	2	5928
10	75	2	2	5929
11	75	2	2	5930
12	75	2	2	5931
13	75	2	2	5932
14	75	2	2	5933
15	75	2	2	5934
16	75	2	2	5935
17	75	2	2	5936
18	75	2	2	5937
19	75	2	2	5938
20	75	2	2	5939
21	75	2	2	5940
22	75	2	2	5941
23	75	2	2	5942
24	75	2	2	5943
25	75	2	2	5944
26	75	2	2	5945
27	75	2	2	5946
28	75	2	2	5947
29	75	2	2	5948
30	75	2	2	5949
31	75	2	2	5950
32	75	2	2	5951
33	75	2	2	5952
34	75	2	2	5953
35	75	2	2	5954
36	75	2	2	5955
37	75	2	2	5956
38	75	2	2	5957
39	75	2	2	5958
40	75	2	2	5959
41	75	2	2	5960
42	75	2	2	5961
43	75	2	2	5962
44	75	2	2	5963
45	75	2	2	5964
46	75	2	2	5965
47	75	2	2	5966
48	75	2	2	5967
49	75	2	2	5968
50	75	2	2	5969
51	75	2	2	5970
52	75	2	2	5971
53	75	2	2	5972
54	75	2	2	5973
55	75	2	2	5974
56	75	2	2	5975
57	75	2	2	5976
58	75	2	2	5977
59	75	2	2	5978
60	75	2	2	5979
61	75	2	2	5980
62	75	2	2	5981
63	75	2	2	5982
64	75	2	2	5983
65	75	2	2	5984
66	75	2	2	5985
67	75	2	2	5986
68	75	2	2	5987
69	75	2	2	5988
70	75	2	2	5989
71	75	2	2	5990
72	75	2	2	5991
73	75	2	2	5992
74	75	2	2	5993
75	75	2	2	5994
76	75	2	2	5995
77	75	2	2	5996
78	75	2	2	5997
79	75	2	2	5998
80	75	2	2	5999
1	76	2	2	6000
2	76	2	2	6001
3	76	2	2	6002
4	76	2	2	6003
5	76	2	2	6004
6	76	2	2	6005
7	76	2	2	6006
8	76	2	2	6007
9	76	2	2	6008
10	76	2	2	6009
11	76	2	2	6010
12	76	2	2	6011
13	76	2	2	6012
14	76	2	2	6013
15	76	2	2	6014
16	76	2	2	6015
17	76	2	2	6016
18	76	2	2	6017
19	76	2	2	6018
20	76	2	2	6019
21	76	2	2	6020
22	76	2	2	6021
23	76	2	2	6022
24	76	2	2	6023
25	76	2	2	6024
26	76	2	2	6025
27	76	2	2	6026
28	76	2	2	6027
29	76	2	2	6028
30	76	2	2	6029
31	76	2	2	6030
32	76	2	2	6031
33	76	2	2	6032
34	76	2	2	6033
35	76	2	2	6034
36	76	2	2	6035
37	76	2	2	6036
38	76	2	2	6037
39	76	2	2	6038
40	76	2	2	6039
41	76	2	2	6040
42	76	2	2	6041
43	76	2	2	6042
44	76	2	2	6043
45	76	2	2	6044
46	76	2	2	6045
47	76	2	2	6046
48	76	2	2	6047
49	76	2	2	6048
50	76	2	2	6049
51	76	2	2	6050
52	76	2	2	6051
53	76	2	2	6052
54	76	2	2	6053
55	76	2	2	6054
56	76	2	2	6055
57	76	2	2	6056
58	76	2	2	6057
59	76	2	2	6058
60	76	2	2	6059
61	76	2	2	6060
62	76	2	2	6061
63	76	2	2	6062
64	76	2	2	6063
65	76	2	2	6064
66	76	2	2	6065
67	76	2	2	6066
68	76	2	2	6067
69	76	2	2	6068
70	76	2	2	6069
71	76	2	2	6070
72	76	2	2	6071
73	76	2	2	6072
74	76	2	2	6073
75	76	2	2	6074
76	76	2	2	6075
77	76	2	2	6076
78	76	2	2	6077
79	76	2	2	6078
80	76	2	2	6079
1	77	2	2	6080
2	77	2	2	6081
3	77	2	2	6082
4	77	2	2	6083
5	77	2	2	6084
6	77	2	2	6085
7	77	2	2	6086
8	77	2	2	6087
9	77	2	2	6088
10	77	2	2	6089
11	77	2	2	6090
12	77	2	2	6091
13	77	2	2	6092
14	77	2	2	6093
15	77	2	2	6094
16	77	2	2	6095
17	77	2	2	6096
18	77	2	2	6097
19	77	2	2	6098
20	77	2	2	6099
21	77	2	2	6100
22	77	2	2	6101
23	77	2	2	6102
24	77	2	2	6103
25	77	2	2	6104
26	77	2	2	6105
27	77	2	2	6106
28	77	2	2	6107
29	77	2	2	6108
30	77	2	2	6109
31	77	2	2	6110
32	77	2	2	6111
33	77	2	2	6112
34	77	2	2	6113
35	77	2	2	6114
36	77	2	2	6115
37	77	2	2	6116
38	77	2	2	6117
39	77	2	2	6118
40	77	2	2	6119
41	77	2	2	6120
42	77	2	2	6121
43	77	2	2	6122
44	77	2	2	6123
45	77	2	2	6124
46	77	2	2	6125
47	77	2	2	6126
48	77	2	2	6127
49	77	2	2	6128
50	77	2	2	6129
51	77	2	2	6130
52	77	2	2	6131
53	77	2	2	6132
54	77	2	2	6133
55	77	2	2	6134
56	77	2	2	6135
57	77	2	2	6136
58	77	2	2	6137
59	77	2	2	6138
60	77	2	2	6139
61	77	2	2	6140
62	77	2	2	6141
63	77	2	2	6142
64	77	2	2	6143
65	77	2	2	6144
66	77	2	2	6145
67	77	2	2	6146
68	77	2	2	6147
69	77	2	2	6148
70	77	2	2	6149
71	77	2	2	6150
72	77	2	2	6151
73	77	2	2	6152
74	77	2	2	6153
75	77	2	2	6154
76	77	2	2	6155
77	77	2	2	6156
78	77	2	2	6157
79	77	2	2	6158
80	77	2	2	6159
1	78	2	2	6160
2	78	2	2	6161
3	78	2	2	6162
4	78	2	2	6163
5	78	2	2	6164
6	78	2	2	6165
7	78	2	2	6166
8	78	2	2	6167
9	78	2	2	6168
10	78	2	2	6169
11	78	2	2	6170
12	78	2	2	6171
13	78	2	2	6172
14	78	2	2	6173
15	78	2	2	6174
16	78	2	2	6175
17	78	2	2	6176
18	78	2	2	6177
19	78	2	2	6178
20	78	2	2	6179
21	78	2	2	6180
22	78	2	2	6181
23	78	2	2	6182
24	78	2	2	6183
25	78	2	2	6184
26	78	2	2	6185
27	78	2	2	6186
28	78	2	2	6187
29	78	2	2	6188
30	78	2	2	6189
31	78	2	2	6190
32	78	2	2	6191
33	78	2	2	6192
34	78	2	2	6193
35	78	2	2	6194
36	78	2	2	6195
37	78	2	2	6196
38	78	2	2	6197
39	78	2	2	6198
40	78	2	2	6199
41	78	2	2	6200
42	78	2	2	6201
43	78	2	2	6202
44	78	2	2	6203
45	78	2	2	6204
46	78	2	2	6205
47	78	2	2	6206
48	78	2	2	6207
49	78	2	2	6208
50	78	2	2	6209
51	78	2	2	6210
52	78	2	2	6211
53	78	2	2	6212
54	78	2	2	6213
55	78	2	2	6214
56	78	2	2	6215
57	78	2	2	6216
58	78	2	2	6217
59	78	2	2	6218
60	78	2	2	6219
61	78	2	2	6220
62	78	2	2	6221
63	78	2	2	6222
64	78	2	2	6223
65	78	2	2	6224
66	78	2	2	6225
67	78	2	2	6226
68	78	2	2	6227
69	78	2	2	6228
70	78	2	2	6229
71	78	2	2	6230
72	78	2	2	6231
73	78	2	2	6232
74	78	2	2	6233
75	78	2	2	6234
76	78	2	2	6235
77	78	2	2	6236
78	78	2	2	6237
79	78	2	2	6238
80	78	2	2	6239
1	79	2	2	6240
2	79	2	2	6241
3	79	2	2	6242
4	79	2	2	6243
5	79	2	2	6244
6	79	2	2	6245
7	79	2	2	6246
8	79	2	2	6247
9	79	2	2	6248
10	79	2	2	6249
11	79	2	2	6250
12	79	2	2	6251
13	79	2	2	6252
14	79	2	2	6253
15	79	2	2	6254
16	79	2	2	6255
17	79	2	2	6256
18	79	2	2	6257
19	79	2	2	6258
20	79	2	2	6259
21	79	2	2	6260
22	79	2	2	6261
23	79	2	2	6262
24	79	2	2	6263
25	79	2	2	6264
26	79	2	2	6265
27	79	2	2	6266
28	79	2	2	6267
29	79	2	2	6268
30	79	2	2	6269
31	79	2	2	6270
32	79	2	2	6271
33	79	2	2	6272
34	79	2	2	6273
35	79	2	2	6274
36	79	2	2	6275
37	79	2	2	6276
38	79	2	2	6277
39	79	2	2	6278
40	79	2	2	6279
41	79	2	2	6280
42	79	2	2	6281
43	79	2	2	6282
44	79	2	2	6283
45	79	2	2	6284
46	79	2	2	6285
47	79	2	2	6286
48	79	2	2	6287
49	79	2	2	6288
50	79	2	2	6289
51	79	2	2	6290
52	79	2	2	6291
53	79	2	2	6292
54	79	2	2	6293
55	79	2	2	6294
56	79	2	2	6295
57	79	2	2	6296
58	79	2	2	6297
59	79	2	2	6298
60	79	2	2	6299
61	79	2	2	6300
62	79	2	2	6301
63	79	2	2	6302
64	79	2	2	6303
65	79	2	2	6304
66	79	2	2	6305
67	79	2	2	6306
68	79	2	2	6307
69	79	2	2	6308
70	79	2	2	6309
71	79	2	2	6310
72	79	2	2	6311
73	79	2	2	6312
74	79	2	2	6313
75	79	2	2	6314
76	79	2	2	6315
77	79	2	2	6316
78	79	2	2	6317
79	79	2	2	6318
80	79	2	2	6319
1	80	2	2	6320
2	80	2	2	6321
3	80	2	2	6322
4	80	2	2	6323
5	80	2	2	6324
6	80	2	2	6325
7	80	2	2	6326
8	80	2	2	6327
9	80	2	2	6328
10	80	2	2	6329
11	80	2	2	6330
12	80	2	2	6331
13	80	2	2	6332
14	80	2	2	6333
15	80	2	2	6334
16	80	2	2	6335
17	80	2	2	6336
18	80	2	2	6337
19	80	2	2	6338
20	80	2	2	6339
21	80	2	2	6340
22	80	2	2	6341
23	80	2	2	6342
24	80	2	2	6343
25	80	2	2	6344
26	80	2	2	6345
27	80	2	2	6346
28	80	2	2	6347
29	80	2	2	6348
30	80	2	2	6349
31	80	2	2	6350
32	80	2	2	6351
33	80	2	2	6352
34	80	2	2	6353
35	80	2	2	6354
36	80	2	2	6355
37	80	2	2	6356
38	80	2	2	6357
39	80	2	2	6358
40	80	2	2	6359
41	80	2	2	6360
42	80	2	2	6361
43	80	2	2	6362
44	80	2	2	6363
45	80	2	2	6364
46	80	2	2	6365
47	80	2	2	6366
48	80	2	2	6367
49	80	2	2	6368
50	80	2	2	6369
51	80	2	2	6370
52	80	2	2	6371
53	80	2	2	6372
54	80	2	2	6373
55	80	2	2	6374
56	80	2	2	6375
57	80	2	2	6376
58	80	2	2	6377
59	80	2	2	6378
60	80	2	2	6379
61	80	2	2	6380
62	80	2	2	6381
63	80	2	2	6382
64	80	2	2	6383
65	80	2	2	6384
66	80	2	2	6385
67	80	2	2	6386
68	80	2	2	6387
69	80	2	2	6388
70	80	2	2	6389
71	80	2	2	6390
72	80	2	2	6391
73	80	2	2	6392
74	80	2	2	6393
75	80	2	2	6394
76	80	2	2	6395
77	80	2	2	6396
78	80	2	2	6397
79	80	2	2	6398
80	80	2	2	6399
