625
2080
2080
1	1	2	2	0
2	1	2	2	1
3	1	2	2	2
4	1	2	2	3
5	1	2	2	4
6	1	2	2	5
7	1	2	2	6
8	1	2	2	7
9	1	2	2	8
10	1	2	2	9
11	1	2	2	10
12	1	2	2	11
13	1	2	2	12
14	1	2	2	13
15	1	2	2	14
16	1	2	2	15
17	1	2	2	16
18	1	2	2	17
19	1	2	2	18
20	1	2	2	19
21	1	2	2	20
22	1	2	2	21
23	1	2	2	22
24	1	2	2	23
25	1	2	2	24
1	2	2	2	25
2	2	2	2	26
3	2	2	2	27
4	2	2	2	28
5	2	2	2	29
6	2	2	2	30
7	2	2	2	31
8	2	2	2	32
9	2	2	2	33
10	2	2	2	34
11	2	2	2	35
12	2	2	2	36
13	2	2	2	37
14	2	2	2	38
15	2	2	2	39
16	2	2	2	40
17	2	2	2	41
18	2	2	2	42
19	2	2	2	43
20	2	2	2	44
21	2	2	2	45
22	2	2	2	46
23	2	2	2	47
24	2	2	2	48
25	2	2	2	49
1	3	2	2	50
2	3	2	2	51
3	3	2	2	52
4	3	2	2	53
5	3	2	2	54
6	3	2	2	55
7	3	2	2	56
8	3	2	2	57
9	3	2	2	58
10	3	2	2	59
11	3	2	2	60
12	3	2	2	61
13	3	2	2	62
14	3	2	2	63
15	3	2	2	64
16	3	2	2	65
17	3	2	2	66
18	3	2	2	67
19	3	2	2	68
20	3	2	2	69
21	3	2	2	70
22	3	2	2	71
23	3	2	2	72
24	3	2	2	73
25	3	2	2	74
1	4	2	2	75
2	4	2	2	76
3	4	2	2	77
4	4	2	2	78
5	4	2	2	79
6	4	2	2	80
7	4	2	2	81
8	4	2	2	82
9	4	2	2	83
10	4	2	2	84
11	4	2	2	85
12	4	2	2	86
13	4	2	2	87
14	4	2	2	88
15	4	2	2	89
16	4	2	2	90
17	4	2	2	91
18	4	2	2	92
19	4	2	2	93
20	4	2	2	94
21	4	2	2	95
22	4	2	2	96
23	4	2	2	97
24	4	2	2	98
25	4	2	2	99
1	5	2	2	100
2	5	2	2	101
3	5	2	2	102
4	5	2	2	103
5	5	2	2	104
6	5	2	2	105
7	5	2	2	106
8	5	2	2	107
9	5	2	2	108
10	5	2	2	109
11	5	2	2	110
12	5	2	2	111
13	5	2	2	112
14	5	2	2	113
15	5	2	2	114
16	5	2	2	115
17	5	2	2	116
18	5	2	2	117
19	5	2	2	118
20	5	2	2	119
21	5	2	2	120
22	5	2	2	121
23	5	2	2	122
24	5	2	2	123
25	5	2	2	124
1	6	2	2	125
2	6	2	2	126
3	6	2	2	127
4	6	2	2	128
5	6	2	2	129
6	6	2	2	130
7	6	2	2	131
8	6	2	2	132
9	6	2	2	133
10	6	2	2	134
11	6	2	2	135
12	6	2	2	136
13	6	2	2	137
14	6	2	2	138
15	6	2	2	139
16	6	2	2	140
17	6	2	2	141
18	6	2	2	142
19	6	2	2	143
20	6	2	2	144
21	6	2	2	145
22	6	2	2	146
23	6	2	2	147
24	6	2	2	148
25	6	2	2	149
1	7	2	2	150
2	7	2	2	151
3	7	2	2	152
4	7	2	2	153
5	7	2	2	154
6	7	2	2	155
7	7	2	2	156
8	7	2	2	157
9	7	2	2	158
10	7	2	2	159
11	7	2	2	160
12	7	2	2	161
13	7	2	2	162
14	7	2	2	163
15	7	2	2	164
16	7	2	2	165
17	7	2	2	166
18	7	2	2	167
19	7	2	2	168
20	7	2	2	169
21	7	2	2	170
22	7	2	2	171
23	7	2	2	172
24	7	2	2	173
25	7	2	2	174
1	8	2	2	175
2	8	2	2	176
3	8	2	2	177
4	8	2	2	178
5	8	2	2	179
6	8	2	2	180
7	8	2	2	181
8	8	2	2	182
9	8	2	2	183
10	8	2	2	184
11	8	2	2	185
12	8	2	2	186
13	8	2	2	187
14	8	2	2	188
15	8	2	2	189
16	8	2	2	190
17	8	2	2	191
18	8	2	2	192
19	8	2	2	193
20	8	2	2	194
21	8	2	2	195
22	8	2	2	196
23	8	2	2	197
24	8	2	2	198
25	8	2	2	199
1	9	2	2	200
2	9	2	2	201
3	9	2	2	202
4	9	2	2	203
5	9	2	2	204
6	9	2	2	205
7	9	2	2	206
8	9	2	2	207
9	9	2	2	208
10	9	2	2	209
11	9	2	2	210
12	9	2	2	211
13	9	2	2	212
14	9	2	2	213
15	9	2	2	214
16	9	2	2	215
17	9	2	2	216
18	9	2	2	217
19	9	2	2	218
20	9	2	2	219
21	9	2	2	220
22	9	2	2	221
23	9	2	2	222
24	9	2	2	223
25	9	2	2	224
1	10	2	2	225
2	10	2	2	226
3	10	2	2	227
4	10	2	2	228
5	10	2	2	229
6	10	2	2	230
7	10	2	2	231
8	10	2	2	232
9	10	2	2	233
10	10	2	2	234
11	10	2	2	235
12	10	2	2	236
13	10	2	2	237
14	10	2	2	238
15	10	2	2	239
16	10	2	2	240
17	10	2	2	241
18	10	2	2	242
19	10	2	2	243
20	10	2	2	244
21	10	2	2	245
22	10	2	2	246
23	10	2	2	247
24	10	2	2	248
25	10	2	2	249
1	11	2	2	250
2	11	2	2	251
3	11	2	2	252
4	11	2	2	253
5	11	2	2	254
6	11	2	2	255
7	11	2	2	256
8	11	2	2	257
9	11	2	2	258
10	11	2	2	259
11	11	2	2	260
12	11	2	2	261
13	11	2	2	262
14	11	2	2	263
15	11	2	2	264
16	11	2	2	265
17	11	2	2	266
18	11	2	2	267
19	11	2	2	268
20	11	2	2	269
21	11	2	2	270
22	11	2	2	271
23	11	2	2	272
24	11	2	2	273
25	11	2	2	274
1	12	2	2	275
2	12	2	2	276
3	12	2	2	277
4	12	2	2	278
5	12	2	2	279
6	12	2	2	280
7	12	2	2	281
8	12	2	2	282
9	12	2	2	283
10	12	2	2	284
11	12	2	2	285
12	12	2	2	286
13	12	2	2	287
14	12	2	2	288
15	12	2	2	289
16	12	2	2	290
17	12	2	2	291
18	12	2	2	292
19	12	2	2	293
20	12	2	2	294
21	12	2	2	295
22	12	2	2	296
23	12	2	2	297
24	12	2	2	298
25	12	2	2	299
1	13	2	2	300
2	13	2	2	301
3	13	2	2	302
4	13	2	2	303
5	13	2	2	304
6	13	2	2	305
7	13	2	2	306
8	13	2	2	307
9	13	2	2	308
10	13	2	2	309
11	13	2	2	310
12	13	2	2	311
13	13	2	2	312
14	13	2	2	313
15	13	2	2	314
16	13	2	2	315
17	13	2	2	316
18	13	2	2	317
19	13	2	2	318
20	13	2	2	319
21	13	2	2	320
22	13	2	2	321
23	13	2	2	322
24	13	2	2	323
25	13	2	2	324
1	14	2	2	325
2	14	2	2	326
3	14	2	2	327
4	14	2	2	328
5	14	2	2	329
6	14	2	2	330
7	14	2	2	331
8	14	2	2	332
9	14	2	2	333
10	14	2	2	334
11	14	2	2	335
12	14	2	2	336
13	14	2	2	337
14	14	2	2	338
15	14	2	2	339
16	14	2	2	340
17	14	2	2	341
18	14	2	2	342
19	14	2	2	343
20	14	2	2	344
21	14	2	2	345
22	14	2	2	346
23	14	2	2	347
24	14	2	2	348
25	14	2	2	349
1	15	2	2	350
2	15	2	2	351
3	15	2	2	352
4	15	2	2	353
5	15	2	2	354
6	15	2	2	355
7	15	2	2	356
8	15	2	2	357
9	15	2	2	358
10	15	2	2	359
11	15	2	2	360
12	15	2	2	361
13	15	2	2	362
14	15	2	2	363
15	15	2	2	364
16	15	2	2	365
17	15	2	2	366
18	15	2	2	367
19	15	2	2	368
20	15	2	2	369
21	15	2	2	370
22	15	2	2	371
23	15	2	2	372
24	15	2	2	373
25	15	2	2	374
1	16	2	2	375
2	16	2	2	376
3	16	2	2	377
4	16	2	2	378
5	16	2	2	379
6	16	2	2	380
7	16	2	2	381
8	16	2	2	382
9	16	2	2	383
10	16	2	2	384
11	16	2	2	385
12	16	2	2	386
13	16	2	2	387
14	16	2	2	388
15	16	2	2	389
16	16	2	2	390
17	16	2	2	391
18	16	2	2	392
19	16	2	2	393
20	16	2	2	394
21	16	2	2	395
22	16	2	2	396
23	16	2	2	397
24	16	2	2	398
25	16	2	2	399
1	17	2	2	400
2	17	2	2	401
3	17	2	2	402
4	17	2	2	403
5	17	2	2	404
6	17	2	2	405
7	17	2	2	406
8	17	2	2	407
9	17	2	2	408
10	17	2	2	409
11	17	2	2	410
12	17	2	2	411
13	17	2	2	412
14	17	2	2	413
15	17	2	2	414
16	17	2	2	415
17	17	2	2	416
18	17	2	2	417
19	17	2	2	418
20	17	2	2	419
21	17	2	2	420
22	17	2	2	421
23	17	2	2	422
24	17	2	2	423
25	17	2	2	424
1	18	2	2	425
2	18	2	2	426
3	18	2	2	427
4	18	2	2	428
5	18	2	2	429
6	18	2	2	430
7	18	2	2	431
8	18	2	2	432
9	18	2	2	433
10	18	2	2	434
11	18	2	2	435
12	18	2	2	436
13	18	2	2	437
14	18	2	2	438
15	18	2	2	439
16	18	2	2	440
17	18	2	2	441
18	18	2	2	442
19	18	2	2	443
20	18	2	2	444
21	18	2	2	445
22	18	2	2	446
23	18	2	2	447
24	18	2	2	448
25	18	2	2	449
1	19	2	2	450
2	19	2	2	451
3	19	2	2	452
4	19	2	2	453
5	19	2	2	454
6	19	2	2	455
7	19	2	2	456
8	19	2	2	457
9	19	2	2	458
10	19	2	2	459
11	19	2	2	460
12	19	2	2	461
13	19	2	2	462
14	19	2	2	463
15	19	2	2	464
16	19	2	2	465
17	19	2	2	466
18	19	2	2	467
19	19	2	2	468
20	19	2	2	469
21	19	2	2	470
22	19	2	2	471
23	19	2	2	472
24	19	2	2	473
25	19	2	2	474
1	20	2	2	475
2	20	2	2	476
3	20	2	2	477
4	20	2	2	478
5	20	2	2	479
6	20	2	2	480
7	20	2	2	481
8	20	2	2	482
9	20	2	2	483
10	20	2	2	484
11	20	2	2	485
12	20	2	2	486
13	20	2	2	487
14	20	2	2	488
15	20	2	2	489
16	20	2	2	490
17	20	2	2	491
18	20	2	2	492
19	20	2	2	493
20	20	2	2	494
21	20	2	2	495
22	20	2	2	496
23	20	2	2	497
24	20	2	2	498
25	20	2	2	499
1	21	2	2	500
2	21	2	2	501
3	21	2	2	502
4	21	2	2	503
5	21	2	2	504
6	21	2	2	505
7	21	2	2	506
8	21	2	2	507
9	21	2	2	508
10	21	2	2	509
11	21	2	2	510
12	21	2	2	511
13	21	2	2	512
14	21	2	2	513
15	21	2	2	514
16	21	2	2	515
17	21	2	2	516
18	21	2	2	517
19	21	2	2	518
20	21	2	2	519
21	21	2	2	520
22	21	2	2	521
23	21	2	2	522
24	21	2	2	523
25	21	2	2	524
1	22	2	2	525
2	22	2	2	526
3	22	2	2	527
4	22	2	2	528
5	22	2	2	529
6	22	2	2	530
7	22	2	2	531
8	22	2	2	532
9	22	2	2	533
10	22	2	2	534
11	22	2	2	535
12	22	2	2	536
13	22	2	2	537
14	22	2	2	538
15	22	2	2	539
16	22	2	2	540
17	22	2	2	541
18	22	2	2	542
19	22	2	2	543
20	22	2	2	544
21	22	2	2	545
22	22	2	2	546
23	22	2	2	547
24	22	2	2	548
25	22	2	2	549
1	23	2	2	550
2	23	2	2	551
3	23	2	2	552
4	23	2	2	553
5	23	2	2	554
6	23	2	2	555
7	23	2	2	556
8	23	2	2	557
9	23	2	2	558
10	23	2	2	559
11	23	2	2	560
12	23	2	2	561
13	23	2	2	562
14	23	2	2	563
15	23	2	2	564
16	23	2	2	565
17	23	2	2	566
18	23	2	2	567
19	23	2	2	568
20	23	2	2	569
21	23	2	2	570
22	23	2	2	571
23	23	2	2	572
24	23	2	2	573
25	23	2	2	574
1	24	2	2	575
2	24	2	2	576
3	24	2	2	577
4	24	2	2	578
5	24	2	2	579
6	24	2	2	580
7	24	2	2	581
8	24	2	2	582
9	24	2	2	583
10	24	2	2	584
11	24	2	2	585
12	24	2	2	586
13	24	2	2	587
14	24	2	2	588
15	24	2	2	589
16	24	2	2	590
17	24	2	2	591
18	24	2	2	592
19	24	2	2	593
20	24	2	2	594
21	24	2	2	595
22	24	2	2	596
23	24	2	2	597
24	24	2	2	598
25	24	2	2	599
1	25	2	2	600
2	25	2	2	601
3	25	2	2	602
4	25	2	2	603
5	25	2	2	604
6	25	2	2	605
7	25	2	2	606
8	25	2	2	607
9	25	2	2	608
10	25	2	2	609
11	25	2	2	610
12	25	2	2	611
13	25	2	2	612
14	25	2	2	613
15	25	2	2	614
16	25	2	2	615
17	25	2	2	616
18	25	2	2	617
19	25	2	2	618
20	25	2	2	619
21	25	2	2	620
22	25	2	2	621
23	25	2	2	622
24	25	2	2	623
25	25	2	2	624
