2500
2080
2080
1	1	2	2	0
2	1	2	2	1
3	1	2	2	2
4	1	2	2	3
5	1	2	2	4
6	1	2	2	5
7	1	2	2	6
8	1	2	2	7
9	1	2	2	8
10	1	2	2	9
11	1	2	2	10
12	1	2	2	11
13	1	2	2	12
14	1	2	2	13
15	1	2	2	14
16	1	2	2	15
17	1	2	2	16
18	1	2	2	17
19	1	2	2	18
20	1	2	2	19
21	1	2	2	20
22	1	2	2	21
23	1	2	2	22
24	1	2	2	23
25	1	2	2	24
26	1	2	2	25
27	1	2	2	26
28	1	2	2	27
29	1	2	2	28
30	1	2	2	29
31	1	2	2	30
32	1	2	2	31
33	1	2	2	32
34	1	2	2	33
35	1	2	2	34
36	1	2	2	35
37	1	2	2	36
38	1	2	2	37
39	1	2	2	38
40	1	2	2	39
41	1	2	2	40
42	1	2	2	41
43	1	2	2	42
44	1	2	2	43
45	1	2	2	44
46	1	2	2	45
47	1	2	2	46
48	1	2	2	47
49	1	2	2	48
50	1	2	2	49
1	2	2	2	50
2	2	2	2	51
3	2	2	2	52
4	2	2	2	53
5	2	2	2	54
6	2	2	2	55
7	2	2	2	56
8	2	2	2	57
9	2	2	2	58
10	2	2	2	59
11	2	2	2	60
12	2	2	2	61
13	2	2	2	62
14	2	2	2	63
15	2	2	2	64
16	2	2	2	65
17	2	2	2	66
18	2	2	2	67
19	2	2	2	68
20	2	2	2	69
21	2	2	2	70
22	2	2	2	71
23	2	2	2	72
24	2	2	2	73
25	2	2	2	74
26	2	2	2	75
27	2	2	2	76
28	2	2	2	77
29	2	2	2	78
30	2	2	2	79
31	2	2	2	80
32	2	2	2	81
33	2	2	2	82
34	2	2	2	83
35	2	2	2	84
36	2	2	2	85
37	2	2	2	86
38	2	2	2	87
39	2	2	2	88
40	2	2	2	89
41	2	2	2	90
42	2	2	2	91
43	2	2	2	92
44	2	2	2	93
45	2	2	2	94
46	2	2	2	95
47	2	2	2	96
48	2	2	2	97
49	2	2	2	98
50	2	2	2	99
1	3	2	2	100
2	3	2	2	101
3	3	2	2	102
4	3	2	2	103
5	3	2	2	104
6	3	2	2	105
7	3	2	2	106
8	3	2	2	107
9	3	2	2	108
10	3	2	2	109
11	3	2	2	110
12	3	2	2	111
13	3	2	2	112
14	3	2	2	113
15	3	2	2	114
16	3	2	2	115
17	3	2	2	116
18	3	2	2	117
19	3	2	2	118
20	3	2	2	119
21	3	2	2	120
22	3	2	2	121
23	3	2	2	122
24	3	2	2	123
25	3	2	2	124
26	3	2	2	125
27	3	2	2	126
28	3	2	2	127
29	3	2	2	128
30	3	2	2	129
31	3	2	2	130
32	3	2	2	131
33	3	2	2	132
34	3	2	2	133
35	3	2	2	134
36	3	2	2	135
37	3	2	2	136
38	3	2	2	137
39	3	2	2	138
40	3	2	2	139
41	3	2	2	140
42	3	2	2	141
43	3	2	2	142
44	3	2	2	143
45	3	2	2	144
46	3	2	2	145
47	3	2	2	146
48	3	2	2	147
49	3	2	2	148
50	3	2	2	149
1	4	2	2	150
2	4	2	2	151
3	4	2	2	152
4	4	2	2	153
5	4	2	2	154
6	4	2	2	155
7	4	2	2	156
8	4	2	2	157
9	4	2	2	158
10	4	2	2	159
11	4	2	2	160
12	4	2	2	161
13	4	2	2	162
14	4	2	2	163
15	4	2	2	164
16	4	2	2	165
17	4	2	2	166
18	4	2	2	167
19	4	2	2	168
20	4	2	2	169
21	4	2	2	170
22	4	2	2	171
23	4	2	2	172
24	4	2	2	173
25	4	2	2	174
26	4	2	2	175
27	4	2	2	176
28	4	2	2	177
29	4	2	2	178
30	4	2	2	179
31	4	2	2	180
32	4	2	2	181
33	4	2	2	182
34	4	2	2	183
35	4	2	2	184
36	4	2	2	185
37	4	2	2	186
38	4	2	2	187
39	4	2	2	188
40	4	2	2	189
41	4	2	2	190
42	4	2	2	191
43	4	2	2	192
44	4	2	2	193
45	4	2	2	194
46	4	2	2	195
47	4	2	2	196
48	4	2	2	197
49	4	2	2	198
50	4	2	2	199
1	5	2	2	200
2	5	2	2	201
3	5	2	2	202
4	5	2	2	203
5	5	2	2	204
6	5	2	2	205
7	5	2	2	206
8	5	2	2	207
9	5	2	2	208
10	5	2	2	209
11	5	2	2	210
12	5	2	2	211
13	5	2	2	212
14	5	2	2	213
15	5	2	2	214
16	5	2	2	215
17	5	2	2	216
18	5	2	2	217
19	5	2	2	218
20	5	2	2	219
21	5	2	2	220
22	5	2	2	221
23	5	2	2	222
24	5	2	2	223
25	5	2	2	224
26	5	2	2	225
27	5	2	2	226
28	5	2	2	227
29	5	2	2	228
30	5	2	2	229
31	5	2	2	230
32	5	2	2	231
33	5	2	2	232
34	5	2	2	233
35	5	2	2	234
36	5	2	2	235
37	5	2	2	236
38	5	2	2	237
39	5	2	2	238
40	5	2	2	239
41	5	2	2	240
42	5	2	2	241
43	5	2	2	242
44	5	2	2	243
45	5	2	2	244
46	5	2	2	245
47	5	2	2	246
48	5	2	2	247
49	5	2	2	248
50	5	2	2	249
1	6	2	2	250
2	6	2	2	251
3	6	2	2	252
4	6	2	2	253
5	6	2	2	254
6	6	2	2	255
7	6	2	2	256
8	6	2	2	257
9	6	2	2	258
10	6	2	2	259
11	6	2	2	260
12	6	2	2	261
13	6	2	2	262
14	6	2	2	263
15	6	2	2	264
16	6	2	2	265
17	6	2	2	266
18	6	2	2	267
19	6	2	2	268
20	6	2	2	269
21	6	2	2	270
22	6	2	2	271
23	6	2	2	272
24	6	2	2	273
25	6	2	2	274
26	6	2	2	275
27	6	2	2	276
28	6	2	2	277
29	6	2	2	278
30	6	2	2	279
31	6	2	2	280
32	6	2	2	281
33	6	2	2	282
34	6	2	2	283
35	6	2	2	284
36	6	2	2	285
37	6	2	2	286
38	6	2	2	287
39	6	2	2	288
40	6	2	2	289
41	6	2	2	290
42	6	2	2	291
43	6	2	2	292
44	6	2	2	293
45	6	2	2	294
46	6	2	2	295
47	6	2	2	296
48	6	2	2	297
49	6	2	2	298
50	6	2	2	299
1	7	2	2	300
2	7	2	2	301
3	7	2	2	302
4	7	2	2	303
5	7	2	2	304
6	7	2	2	305
7	7	2	2	306
8	7	2	2	307
9	7	2	2	308
10	7	2	2	309
11	7	2	2	310
12	7	2	2	311
13	7	2	2	312
14	7	2	2	313
15	7	2	2	314
16	7	2	2	315
17	7	2	2	316
18	7	2	2	317
19	7	2	2	318
20	7	2	2	319
21	7	2	2	320
22	7	2	2	321
23	7	2	2	322
24	7	2	2	323
25	7	2	2	324
26	7	2	2	325
27	7	2	2	326
28	7	2	2	327
29	7	2	2	328
30	7	2	2	329
31	7	2	2	330
32	7	2	2	331
33	7	2	2	332
34	7	2	2	333
35	7	2	2	334
36	7	2	2	335
37	7	2	2	336
38	7	2	2	337
39	7	2	2	338
40	7	2	2	339
41	7	2	2	340
42	7	2	2	341
43	7	2	2	342
44	7	2	2	343
45	7	2	2	344
46	7	2	2	345
47	7	2	2	346
48	7	2	2	347
49	7	2	2	348
50	7	2	2	349
1	8	2	2	350
2	8	2	2	351
3	8	2	2	352
4	8	2	2	353
5	8	2	2	354
6	8	2	2	355
7	8	2	2	356
8	8	2	2	357
9	8	2	2	358
10	8	2	2	359
11	8	2	2	360
12	8	2	2	361
13	8	2	2	362
14	8	2	2	363
15	8	2	2	364
16	8	2	2	365
17	8	2	2	366
18	8	2	2	367
19	8	2	2	368
20	8	2	2	369
21	8	2	2	370
22	8	2	2	371
23	8	2	2	372
24	8	2	2	373
25	8	2	2	374
26	8	2	2	375
27	8	2	2	376
28	8	2	2	377
29	8	2	2	378
30	8	2	2	379
31	8	2	2	380
32	8	2	2	381
33	8	2	2	382
34	8	2	2	383
35	8	2	2	384
36	8	2	2	385
37	8	2	2	386
38	8	2	2	387
39	8	2	2	388
40	8	2	2	389
41	8	2	2	390
42	8	2	2	391
43	8	2	2	392
44	8	2	2	393
45	8	2	2	394
46	8	2	2	395
47	8	2	2	396
48	8	2	2	397
49	8	2	2	398
50	8	2	2	399
1	9	2	2	400
2	9	2	2	401
3	9	2	2	402
4	9	2	2	403
5	9	2	2	404
6	9	2	2	405
7	9	2	2	406
8	9	2	2	407
9	9	2	2	408
10	9	2	2	409
11	9	2	2	410
12	9	2	2	411
13	9	2	2	412
14	9	2	2	413
15	9	2	2	414
16	9	2	2	415
17	9	2	2	416
18	9	2	2	417
19	9	2	2	418
20	9	2	2	419
21	9	2	2	420
22	9	2	2	421
23	9	2	2	422
24	9	2	2	423
25	9	2	2	424
26	9	2	2	425
27	9	2	2	426
28	9	2	2	427
29	9	2	2	428
30	9	2	2	429
31	9	2	2	430
32	9	2	2	431
33	9	2	2	432
34	9	2	2	433
35	9	2	2	434
36	9	2	2	435
37	9	2	2	436
38	9	2	2	437
39	9	2	2	438
40	9	2	2	439
41	9	2	2	440
42	9	2	2	441
43	9	2	2	442
44	9	2	2	443
45	9	2	2	444
46	9	2	2	445
47	9	2	2	446
48	9	2	2	447
49	9	2	2	448
50	9	2	2	449
1	10	2	2	450
2	10	2	2	451
3	10	2	2	452
4	10	2	2	453
5	10	2	2	454
6	10	2	2	455
7	10	2	2	456
8	10	2	2	457
9	10	2	2	458
10	10	2	2	459
11	10	2	2	460
12	10	2	2	461
13	10	2	2	462
14	10	2	2	463
15	10	2	2	464
16	10	2	2	465
17	10	2	2	466
18	10	2	2	467
19	10	2	2	468
20	10	2	2	469
21	10	2	2	470
22	10	2	2	471
23	10	2	2	472
24	10	2	2	473
25	10	2	2	474
26	10	2	2	475
27	10	2	2	476
28	10	2	2	477
29	10	2	2	478
30	10	2	2	479
31	10	2	2	480
32	10	2	2	481
33	10	2	2	482
34	10	2	2	483
35	10	2	2	484
36	10	2	2	485
37	10	2	2	486
38	10	2	2	487
39	10	2	2	488
40	10	2	2	489
41	10	2	2	490
42	10	2	2	491
43	10	2	2	492
44	10	2	2	493
45	10	2	2	494
46	10	2	2	495
47	10	2	2	496
48	10	2	2	497
49	10	2	2	498
50	10	2	2	499
1	11	2	2	500
2	11	2	2	501
3	11	2	2	502
4	11	2	2	503
5	11	2	2	504
6	11	2	2	505
7	11	2	2	506
8	11	2	2	507
9	11	2	2	508
10	11	2	2	509
11	11	2	2	510
12	11	2	2	511
13	11	2	2	512
14	11	2	2	513
15	11	2	2	514
16	11	2	2	515
17	11	2	2	516
18	11	2	2	517
19	11	2	2	518
20	11	2	2	519
21	11	2	2	520
22	11	2	2	521
23	11	2	2	522
24	11	2	2	523
25	11	2	2	524
26	11	2	2	525
27	11	2	2	526
28	11	2	2	527
29	11	2	2	528
30	11	2	2	529
31	11	2	2	530
32	11	2	2	531
33	11	2	2	532
34	11	2	2	533
35	11	2	2	534
36	11	2	2	535
37	11	2	2	536
38	11	2	2	537
39	11	2	2	538
40	11	2	2	539
41	11	2	2	540
42	11	2	2	541
43	11	2	2	542
44	11	2	2	543
45	11	2	2	544
46	11	2	2	545
47	11	2	2	546
48	11	2	2	547
49	11	2	2	548
50	11	2	2	549
1	12	2	2	550
2	12	2	2	551
3	12	2	2	552
4	12	2	2	553
5	12	2	2	554
6	12	2	2	555
7	12	2	2	556
8	12	2	2	557
9	12	2	2	558
10	12	2	2	559
11	12	2	2	560
12	12	2	2	561
13	12	2	2	562
14	12	2	2	563
15	12	2	2	564
16	12	2	2	565
17	12	2	2	566
18	12	2	2	567
19	12	2	2	568
20	12	2	2	569
21	12	2	2	570
22	12	2	2	571
23	12	2	2	572
24	12	2	2	573
25	12	2	2	574
26	12	2	2	575
27	12	2	2	576
28	12	2	2	577
29	12	2	2	578
30	12	2	2	579
31	12	2	2	580
32	12	2	2	581
33	12	2	2	582
34	12	2	2	583
35	12	2	2	584
36	12	2	2	585
37	12	2	2	586
38	12	2	2	587
39	12	2	2	588
40	12	2	2	589
41	12	2	2	590
42	12	2	2	591
43	12	2	2	592
44	12	2	2	593
45	12	2	2	594
46	12	2	2	595
47	12	2	2	596
48	12	2	2	597
49	12	2	2	598
50	12	2	2	599
1	13	2	2	600
2	13	2	2	601
3	13	2	2	602
4	13	2	2	603
5	13	2	2	604
6	13	2	2	605
7	13	2	2	606
8	13	2	2	607
9	13	2	2	608
10	13	2	2	609
11	13	2	2	610
12	13	2	2	611
13	13	2	2	612
14	13	2	2	613
15	13	2	2	614
16	13	2	2	615
17	13	2	2	616
18	13	2	2	617
19	13	2	2	618
20	13	2	2	619
21	13	2	2	620
22	13	2	2	621
23	13	2	2	622
24	13	2	2	623
25	13	2	2	624
26	13	2	2	625
27	13	2	2	626
28	13	2	2	627
29	13	2	2	628
30	13	2	2	629
31	13	2	2	630
32	13	2	2	631
33	13	2	2	632
34	13	2	2	633
35	13	2	2	634
36	13	2	2	635
37	13	2	2	636
38	13	2	2	637
39	13	2	2	638
40	13	2	2	639
41	13	2	2	640
42	13	2	2	641
43	13	2	2	642
44	13	2	2	643
45	13	2	2	644
46	13	2	2	645
47	13	2	2	646
48	13	2	2	647
49	13	2	2	648
50	13	2	2	649
1	14	2	2	650
2	14	2	2	651
3	14	2	2	652
4	14	2	2	653
5	14	2	2	654
6	14	2	2	655
7	14	2	2	656
8	14	2	2	657
9	14	2	2	658
10	14	2	2	659
11	14	2	2	660
12	14	2	2	661
13	14	2	2	662
14	14	2	2	663
15	14	2	2	664
16	14	2	2	665
17	14	2	2	666
18	14	2	2	667
19	14	2	2	668
20	14	2	2	669
21	14	2	2	670
22	14	2	2	671
23	14	2	2	672
24	14	2	2	673
25	14	2	2	674
26	14	2	2	675
27	14	2	2	676
28	14	2	2	677
29	14	2	2	678
30	14	2	2	679
31	14	2	2	680
32	14	2	2	681
33	14	2	2	682
34	14	2	2	683
35	14	2	2	684
36	14	2	2	685
37	14	2	2	686
38	14	2	2	687
39	14	2	2	688
40	14	2	2	689
41	14	2	2	690
42	14	2	2	691
43	14	2	2	692
44	14	2	2	693
45	14	2	2	694
46	14	2	2	695
47	14	2	2	696
48	14	2	2	697
49	14	2	2	698
50	14	2	2	699
1	15	2	2	700
2	15	2	2	701
3	15	2	2	702
4	15	2	2	703
5	15	2	2	704
6	15	2	2	705
7	15	2	2	706
8	15	2	2	707
9	15	2	2	708
10	15	2	2	709
11	15	2	2	710
12	15	2	2	711
13	15	2	2	712
14	15	2	2	713
15	15	2	2	714
16	15	2	2	715
17	15	2	2	716
18	15	2	2	717
19	15	2	2	718
20	15	2	2	719
21	15	2	2	720
22	15	2	2	721
23	15	2	2	722
24	15	2	2	723
25	15	2	2	724
26	15	2	2	725
27	15	2	2	726
28	15	2	2	727
29	15	2	2	728
30	15	2	2	729
31	15	2	2	730
32	15	2	2	731
33	15	2	2	732
34	15	2	2	733
35	15	2	2	734
36	15	2	2	735
37	15	2	2	736
38	15	2	2	737
39	15	2	2	738
40	15	2	2	739
41	15	2	2	740
42	15	2	2	741
43	15	2	2	742
44	15	2	2	743
45	15	2	2	744
46	15	2	2	745
47	15	2	2	746
48	15	2	2	747
49	15	2	2	748
50	15	2	2	749
1	16	2	2	750
2	16	2	2	751
3	16	2	2	752
4	16	2	2	753
5	16	2	2	754
6	16	2	2	755
7	16	2	2	756
8	16	2	2	757
9	16	2	2	758
10	16	2	2	759
11	16	2	2	760
12	16	2	2	761
13	16	2	2	762
14	16	2	2	763
15	16	2	2	764
16	16	2	2	765
17	16	2	2	766
18	16	2	2	767
19	16	2	2	768
20	16	2	2	769
21	16	2	2	770
22	16	2	2	771
23	16	2	2	772
24	16	2	2	773
25	16	2	2	774
26	16	2	2	775
27	16	2	2	776
28	16	2	2	777
29	16	2	2	778
30	16	2	2	779
31	16	2	2	780
32	16	2	2	781
33	16	2	2	782
34	16	2	2	783
35	16	2	2	784
36	16	2	2	785
37	16	2	2	786
38	16	2	2	787
39	16	2	2	788
40	16	2	2	789
41	16	2	2	790
42	16	2	2	791
43	16	2	2	792
44	16	2	2	793
45	16	2	2	794
46	16	2	2	795
47	16	2	2	796
48	16	2	2	797
49	16	2	2	798
50	16	2	2	799
1	17	2	2	800
2	17	2	2	801
3	17	2	2	802
4	17	2	2	803
5	17	2	2	804
6	17	2	2	805
7	17	2	2	806
8	17	2	2	807
9	17	2	2	808
10	17	2	2	809
11	17	2	2	810
12	17	2	2	811
13	17	2	2	812
14	17	2	2	813
15	17	2	2	814
16	17	2	2	815
17	17	2	2	816
18	17	2	2	817
19	17	2	2	818
20	17	2	2	819
21	17	2	2	820
22	17	2	2	821
23	17	2	2	822
24	17	2	2	823
25	17	2	2	824
26	17	2	2	825
27	17	2	2	826
28	17	2	2	827
29	17	2	2	828
30	17	2	2	829
31	17	2	2	830
32	17	2	2	831
33	17	2	2	832
34	17	2	2	833
35	17	2	2	834
36	17	2	2	835
37	17	2	2	836
38	17	2	2	837
39	17	2	2	838
40	17	2	2	839
41	17	2	2	840
42	17	2	2	841
43	17	2	2	842
44	17	2	2	843
45	17	2	2	844
46	17	2	2	845
47	17	2	2	846
48	17	2	2	847
49	17	2	2	848
50	17	2	2	849
1	18	2	2	850
2	18	2	2	851
3	18	2	2	852
4	18	2	2	853
5	18	2	2	854
6	18	2	2	855
7	18	2	2	856
8	18	2	2	857
9	18	2	2	858
10	18	2	2	859
11	18	2	2	860
12	18	2	2	861
13	18	2	2	862
14	18	2	2	863
15	18	2	2	864
16	18	2	2	865
17	18	2	2	866
18	18	2	2	867
19	18	2	2	868
20	18	2	2	869
21	18	2	2	870
22	18	2	2	871
23	18	2	2	872
24	18	2	2	873
25	18	2	2	874
26	18	2	2	875
27	18	2	2	876
28	18	2	2	877
29	18	2	2	878
30	18	2	2	879
31	18	2	2	880
32	18	2	2	881
33	18	2	2	882
34	18	2	2	883
35	18	2	2	884
36	18	2	2	885
37	18	2	2	886
38	18	2	2	887
39	18	2	2	888
40	18	2	2	889
41	18	2	2	890
42	18	2	2	891
43	18	2	2	892
44	18	2	2	893
45	18	2	2	894
46	18	2	2	895
47	18	2	2	896
48	18	2	2	897
49	18	2	2	898
50	18	2	2	899
1	19	2	2	900
2	19	2	2	901
3	19	2	2	902
4	19	2	2	903
5	19	2	2	904
6	19	2	2	905
7	19	2	2	906
8	19	2	2	907
9	19	2	2	908
10	19	2	2	909
11	19	2	2	910
12	19	2	2	911
13	19	2	2	912
14	19	2	2	913
15	19	2	2	914
16	19	2	2	915
17	19	2	2	916
18	19	2	2	917
19	19	2	2	918
20	19	2	2	919
21	19	2	2	920
22	19	2	2	921
23	19	2	2	922
24	19	2	2	923
25	19	2	2	924
26	19	2	2	925
27	19	2	2	926
28	19	2	2	927
29	19	2	2	928
30	19	2	2	929
31	19	2	2	930
32	19	2	2	931
33	19	2	2	932
34	19	2	2	933
35	19	2	2	934
36	19	2	2	935
37	19	2	2	936
38	19	2	2	937
39	19	2	2	938
40	19	2	2	939
41	19	2	2	940
42	19	2	2	941
43	19	2	2	942
44	19	2	2	943
45	19	2	2	944
46	19	2	2	945
47	19	2	2	946
48	19	2	2	947
49	19	2	2	948
50	19	2	2	949
1	20	2	2	950
2	20	2	2	951
3	20	2	2	952
4	20	2	2	953
5	20	2	2	954
6	20	2	2	955
7	20	2	2	956
8	20	2	2	957
9	20	2	2	958
10	20	2	2	959
11	20	2	2	960
12	20	2	2	961
13	20	2	2	962
14	20	2	2	963
15	20	2	2	964
16	20	2	2	965
17	20	2	2	966
18	20	2	2	967
19	20	2	2	968
20	20	2	2	969
21	20	2	2	970
22	20	2	2	971
23	20	2	2	972
24	20	2	2	973
25	20	2	2	974
26	20	2	2	975
27	20	2	2	976
28	20	2	2	977
29	20	2	2	978
30	20	2	2	979
31	20	2	2	980
32	20	2	2	981
33	20	2	2	982
34	20	2	2	983
35	20	2	2	984
36	20	2	2	985
37	20	2	2	986
38	20	2	2	987
39	20	2	2	988
40	20	2	2	989
41	20	2	2	990
42	20	2	2	991
43	20	2	2	992
44	20	2	2	993
45	20	2	2	994
46	20	2	2	995
47	20	2	2	996
48	20	2	2	997
49	20	2	2	998
50	20	2	2	999
1	21	2	2	1000
2	21	2	2	1001
3	21	2	2	1002
4	21	2	2	1003
5	21	2	2	1004
6	21	2	2	1005
7	21	2	2	1006
8	21	2	2	1007
9	21	2	2	1008
10	21	2	2	1009
11	21	2	2	1010
12	21	2	2	1011
13	21	2	2	1012
14	21	2	2	1013
15	21	2	2	1014
16	21	2	2	1015
17	21	2	2	1016
18	21	2	2	1017
19	21	2	2	1018
20	21	2	2	1019
21	21	2	2	1020
22	21	2	2	1021
23	21	2	2	1022
24	21	2	2	1023
25	21	2	2	1024
26	21	2	2	1025
27	21	2	2	1026
28	21	2	2	1027
29	21	2	2	1028
30	21	2	2	1029
31	21	2	2	1030
32	21	2	2	1031
33	21	2	2	1032
34	21	2	2	1033
35	21	2	2	1034
36	21	2	2	1035
37	21	2	2	1036
38	21	2	2	1037
39	21	2	2	1038
40	21	2	2	1039
41	21	2	2	1040
42	21	2	2	1041
43	21	2	2	1042
44	21	2	2	1043
45	21	2	2	1044
46	21	2	2	1045
47	21	2	2	1046
48	21	2	2	1047
49	21	2	2	1048
50	21	2	2	1049
1	22	2	2	1050
2	22	2	2	1051
3	22	2	2	1052
4	22	2	2	1053
5	22	2	2	1054
6	22	2	2	1055
7	22	2	2	1056
8	22	2	2	1057
9	22	2	2	1058
10	22	2	2	1059
11	22	2	2	1060
12	22	2	2	1061
13	22	2	2	1062
14	22	2	2	1063
15	22	2	2	1064
16	22	2	2	1065
17	22	2	2	1066
18	22	2	2	1067
19	22	2	2	1068
20	22	2	2	1069
21	22	2	2	1070
22	22	2	2	1071
23	22	2	2	1072
24	22	2	2	1073
25	22	2	2	1074
26	22	2	2	1075
27	22	2	2	1076
28	22	2	2	1077
29	22	2	2	1078
30	22	2	2	1079
31	22	2	2	1080
32	22	2	2	1081
33	22	2	2	1082
34	22	2	2	1083
35	22	2	2	1084
36	22	2	2	1085
37	22	2	2	1086
38	22	2	2	1087
39	22	2	2	1088
40	22	2	2	1089
41	22	2	2	1090
42	22	2	2	1091
43	22	2	2	1092
44	22	2	2	1093
45	22	2	2	1094
46	22	2	2	1095
47	22	2	2	1096
48	22	2	2	1097
49	22	2	2	1098
50	22	2	2	1099
1	23	2	2	1100
2	23	2	2	1101
3	23	2	2	1102
4	23	2	2	1103
5	23	2	2	1104
6	23	2	2	1105
7	23	2	2	1106
8	23	2	2	1107
9	23	2	2	1108
10	23	2	2	1109
11	23	2	2	1110
12	23	2	2	1111
13	23	2	2	1112
14	23	2	2	1113
15	23	2	2	1114
16	23	2	2	1115
17	23	2	2	1116
18	23	2	2	1117
19	23	2	2	1118
20	23	2	2	1119
21	23	2	2	1120
22	23	2	2	1121
23	23	2	2	1122
24	23	2	2	1123
25	23	2	2	1124
26	23	2	2	1125
27	23	2	2	1126
28	23	2	2	1127
29	23	2	2	1128
30	23	2	2	1129
31	23	2	2	1130
32	23	2	2	1131
33	23	2	2	1132
34	23	2	2	1133
35	23	2	2	1134
36	23	2	2	1135
37	23	2	2	1136
38	23	2	2	1137
39	23	2	2	1138
40	23	2	2	1139
41	23	2	2	1140
42	23	2	2	1141
43	23	2	2	1142
44	23	2	2	1143
45	23	2	2	1144
46	23	2	2	1145
47	23	2	2	1146
48	23	2	2	1147
49	23	2	2	1148
50	23	2	2	1149
1	24	2	2	1150
2	24	2	2	1151
3	24	2	2	1152
4	24	2	2	1153
5	24	2	2	1154
6	24	2	2	1155
7	24	2	2	1156
8	24	2	2	1157
9	24	2	2	1158
10	24	2	2	1159
11	24	2	2	1160
12	24	2	2	1161
13	24	2	2	1162
14	24	2	2	1163
15	24	2	2	1164
16	24	2	2	1165
17	24	2	2	1166
18	24	2	2	1167
19	24	2	2	1168
20	24	2	2	1169
21	24	2	2	1170
22	24	2	2	1171
23	24	2	2	1172
24	24	2	2	1173
25	24	2	2	1174
26	24	2	2	1175
27	24	2	2	1176
28	24	2	2	1177
29	24	2	2	1178
30	24	2	2	1179
31	24	2	2	1180
32	24	2	2	1181
33	24	2	2	1182
34	24	2	2	1183
35	24	2	2	1184
36	24	2	2	1185
37	24	2	2	1186
38	24	2	2	1187
39	24	2	2	1188
40	24	2	2	1189
41	24	2	2	1190
42	24	2	2	1191
43	24	2	2	1192
44	24	2	2	1193
45	24	2	2	1194
46	24	2	2	1195
47	24	2	2	1196
48	24	2	2	1197
49	24	2	2	1198
50	24	2	2	1199
1	25	2	2	1200
2	25	2	2	1201
3	25	2	2	1202
4	25	2	2	1203
5	25	2	2	1204
6	25	2	2	1205
7	25	2	2	1206
8	25	2	2	1207
9	25	2	2	1208
10	25	2	2	1209
11	25	2	2	1210
12	25	2	2	1211
13	25	2	2	1212
14	25	2	2	1213
15	25	2	2	1214
16	25	2	2	1215
17	25	2	2	1216
18	25	2	2	1217
19	25	2	2	1218
20	25	2	2	1219
21	25	2	2	1220
22	25	2	2	1221
23	25	2	2	1222
24	25	2	2	1223
25	25	2	2	1224
26	25	2	2	1225
27	25	2	2	1226
28	25	2	2	1227
29	25	2	2	1228
30	25	2	2	1229
31	25	2	2	1230
32	25	2	2	1231
33	25	2	2	1232
34	25	2	2	1233
35	25	2	2	1234
36	25	2	2	1235
37	25	2	2	1236
38	25	2	2	1237
39	25	2	2	1238
40	25	2	2	1239
41	25	2	2	1240
42	25	2	2	1241
43	25	2	2	1242
44	25	2	2	1243
45	25	2	2	1244
46	25	2	2	1245
47	25	2	2	1246
48	25	2	2	1247
49	25	2	2	1248
50	25	2	2	1249
1	26	2	2	1250
2	26	2	2	1251
3	26	2	2	1252
4	26	2	2	1253
5	26	2	2	1254
6	26	2	2	1255
7	26	2	2	1256
8	26	2	2	1257
9	26	2	2	1258
10	26	2	2	1259
11	26	2	2	1260
12	26	2	2	1261
13	26	2	2	1262
14	26	2	2	1263
15	26	2	2	1264
16	26	2	2	1265
17	26	2	2	1266
18	26	2	2	1267
19	26	2	2	1268
20	26	2	2	1269
21	26	2	2	1270
22	26	2	2	1271
23	26	2	2	1272
24	26	2	2	1273
25	26	2	2	1274
26	26	2	2	1275
27	26	2	2	1276
28	26	2	2	1277
29	26	2	2	1278
30	26	2	2	1279
31	26	2	2	1280
32	26	2	2	1281
33	26	2	2	1282
34	26	2	2	1283
35	26	2	2	1284
36	26	2	2	1285
37	26	2	2	1286
38	26	2	2	1287
39	26	2	2	1288
40	26	2	2	1289
41	26	2	2	1290
42	26	2	2	1291
43	26	2	2	1292
44	26	2	2	1293
45	26	2	2	1294
46	26	2	2	1295
47	26	2	2	1296
48	26	2	2	1297
49	26	2	2	1298
50	26	2	2	1299
1	27	2	2	1300
2	27	2	2	1301
3	27	2	2	1302
4	27	2	2	1303
5	27	2	2	1304
6	27	2	2	1305
7	27	2	2	1306
8	27	2	2	1307
9	27	2	2	1308
10	27	2	2	1309
11	27	2	2	1310
12	27	2	2	1311
13	27	2	2	1312
14	27	2	2	1313
15	27	2	2	1314
16	27	2	2	1315
17	27	2	2	1316
18	27	2	2	1317
19	27	2	2	1318
20	27	2	2	1319
21	27	2	2	1320
22	27	2	2	1321
23	27	2	2	1322
24	27	2	2	1323
25	27	2	2	1324
26	27	2	2	1325
27	27	2	2	1326
28	27	2	2	1327
29	27	2	2	1328
30	27	2	2	1329
31	27	2	2	1330
32	27	2	2	1331
33	27	2	2	1332
34	27	2	2	1333
35	27	2	2	1334
36	27	2	2	1335
37	27	2	2	1336
38	27	2	2	1337
39	27	2	2	1338
40	27	2	2	1339
41	27	2	2	1340
42	27	2	2	1341
43	27	2	2	1342
44	27	2	2	1343
45	27	2	2	1344
46	27	2	2	1345
47	27	2	2	1346
48	27	2	2	1347
49	27	2	2	1348
50	27	2	2	1349
1	28	2	2	1350
2	28	2	2	1351
3	28	2	2	1352
4	28	2	2	1353
5	28	2	2	1354
6	28	2	2	1355
7	28	2	2	1356
8	28	2	2	1357
9	28	2	2	1358
10	28	2	2	1359
11	28	2	2	1360
12	28	2	2	1361
13	28	2	2	1362
14	28	2	2	1363
15	28	2	2	1364
16	28	2	2	1365
17	28	2	2	1366
18	28	2	2	1367
19	28	2	2	1368
20	28	2	2	1369
21	28	2	2	1370
22	28	2	2	1371
23	28	2	2	1372
24	28	2	2	1373
25	28	2	2	1374
26	28	2	2	1375
27	28	2	2	1376
28	28	2	2	1377
29	28	2	2	1378
30	28	2	2	1379
31	28	2	2	1380
32	28	2	2	1381
33	28	2	2	1382
34	28	2	2	1383
35	28	2	2	1384
36	28	2	2	1385
37	28	2	2	1386
38	28	2	2	1387
39	28	2	2	1388
40	28	2	2	1389
41	28	2	2	1390
42	28	2	2	1391
43	28	2	2	1392
44	28	2	2	1393
45	28	2	2	1394
46	28	2	2	1395
47	28	2	2	1396
48	28	2	2	1397
49	28	2	2	1398
50	28	2	2	1399
1	29	2	2	1400
2	29	2	2	1401
3	29	2	2	1402
4	29	2	2	1403
5	29	2	2	1404
6	29	2	2	1405
7	29	2	2	1406
8	29	2	2	1407
9	29	2	2	1408
10	29	2	2	1409
11	29	2	2	1410
12	29	2	2	1411
13	29	2	2	1412
14	29	2	2	1413
15	29	2	2	1414
16	29	2	2	1415
17	29	2	2	1416
18	29	2	2	1417
19	29	2	2	1418
20	29	2	2	1419
21	29	2	2	1420
22	29	2	2	1421
23	29	2	2	1422
24	29	2	2	1423
25	29	2	2	1424
26	29	2	2	1425
27	29	2	2	1426
28	29	2	2	1427
29	29	2	2	1428
30	29	2	2	1429
31	29	2	2	1430
32	29	2	2	1431
33	29	2	2	1432
34	29	2	2	1433
35	29	2	2	1434
36	29	2	2	1435
37	29	2	2	1436
38	29	2	2	1437
39	29	2	2	1438
40	29	2	2	1439
41	29	2	2	1440
42	29	2	2	1441
43	29	2	2	1442
44	29	2	2	1443
45	29	2	2	1444
46	29	2	2	1445
47	29	2	2	1446
48	29	2	2	1447
49	29	2	2	1448
50	29	2	2	1449
1	30	2	2	1450
2	30	2	2	1451
3	30	2	2	1452
4	30	2	2	1453
5	30	2	2	1454
6	30	2	2	1455
7	30	2	2	1456
8	30	2	2	1457
9	30	2	2	1458
10	30	2	2	1459
11	30	2	2	1460
12	30	2	2	1461
13	30	2	2	1462
14	30	2	2	1463
15	30	2	2	1464
16	30	2	2	1465
17	30	2	2	1466
18	30	2	2	1467
19	30	2	2	1468
20	30	2	2	1469
21	30	2	2	1470
22	30	2	2	1471
23	30	2	2	1472
24	30	2	2	1473
25	30	2	2	1474
26	30	2	2	1475
27	30	2	2	1476
28	30	2	2	1477
29	30	2	2	1478
30	30	2	2	1479
31	30	2	2	1480
32	30	2	2	1481
33	30	2	2	1482
34	30	2	2	1483
35	30	2	2	1484
36	30	2	2	1485
37	30	2	2	1486
38	30	2	2	1487
39	30	2	2	1488
40	30	2	2	1489
41	30	2	2	1490
42	30	2	2	1491
43	30	2	2	1492
44	30	2	2	1493
45	30	2	2	1494
46	30	2	2	1495
47	30	2	2	1496
48	30	2	2	1497
49	30	2	2	1498
50	30	2	2	1499
1	31	2	2	1500
2	31	2	2	1501
3	31	2	2	1502
4	31	2	2	1503
5	31	2	2	1504
6	31	2	2	1505
7	31	2	2	1506
8	31	2	2	1507
9	31	2	2	1508
10	31	2	2	1509
11	31	2	2	1510
12	31	2	2	1511
13	31	2	2	1512
14	31	2	2	1513
15	31	2	2	1514
16	31	2	2	1515
17	31	2	2	1516
18	31	2	2	1517
19	31	2	2	1518
20	31	2	2	1519
21	31	2	2	1520
22	31	2	2	1521
23	31	2	2	1522
24	31	2	2	1523
25	31	2	2	1524
26	31	2	2	1525
27	31	2	2	1526
28	31	2	2	1527
29	31	2	2	1528
30	31	2	2	1529
31	31	2	2	1530
32	31	2	2	1531
33	31	2	2	1532
34	31	2	2	1533
35	31	2	2	1534
36	31	2	2	1535
37	31	2	2	1536
38	31	2	2	1537
39	31	2	2	1538
40	31	2	2	1539
41	31	2	2	1540
42	31	2	2	1541
43	31	2	2	1542
44	31	2	2	1543
45	31	2	2	1544
46	31	2	2	1545
47	31	2	2	1546
48	31	2	2	1547
49	31	2	2	1548
50	31	2	2	1549
1	32	2	2	1550
2	32	2	2	1551
3	32	2	2	1552
4	32	2	2	1553
5	32	2	2	1554
6	32	2	2	1555
7	32	2	2	1556
8	32	2	2	1557
9	32	2	2	1558
10	32	2	2	1559
11	32	2	2	1560
12	32	2	2	1561
13	32	2	2	1562
14	32	2	2	1563
15	32	2	2	1564
16	32	2	2	1565
17	32	2	2	1566
18	32	2	2	1567
19	32	2	2	1568
20	32	2	2	1569
21	32	2	2	1570
22	32	2	2	1571
23	32	2	2	1572
24	32	2	2	1573
25	32	2	2	1574
26	32	2	2	1575
27	32	2	2	1576
28	32	2	2	1577
29	32	2	2	1578
30	32	2	2	1579
31	32	2	2	1580
32	32	2	2	1581
33	32	2	2	1582
34	32	2	2	1583
35	32	2	2	1584
36	32	2	2	1585
37	32	2	2	1586
38	32	2	2	1587
39	32	2	2	1588
40	32	2	2	1589
41	32	2	2	1590
42	32	2	2	1591
43	32	2	2	1592
44	32	2	2	1593
45	32	2	2	1594
46	32	2	2	1595
47	32	2	2	1596
48	32	2	2	1597
49	32	2	2	1598
50	32	2	2	1599
1	33	2	2	1600
2	33	2	2	1601
3	33	2	2	1602
4	33	2	2	1603
5	33	2	2	1604
6	33	2	2	1605
7	33	2	2	1606
8	33	2	2	1607
9	33	2	2	1608
10	33	2	2	1609
11	33	2	2	1610
12	33	2	2	1611
13	33	2	2	1612
14	33	2	2	1613
15	33	2	2	1614
16	33	2	2	1615
17	33	2	2	1616
18	33	2	2	1617
19	33	2	2	1618
20	33	2	2	1619
21	33	2	2	1620
22	33	2	2	1621
23	33	2	2	1622
24	33	2	2	1623
25	33	2	2	1624
26	33	2	2	1625
27	33	2	2	1626
28	33	2	2	1627
29	33	2	2	1628
30	33	2	2	1629
31	33	2	2	1630
32	33	2	2	1631
33	33	2	2	1632
34	33	2	2	1633
35	33	2	2	1634
36	33	2	2	1635
37	33	2	2	1636
38	33	2	2	1637
39	33	2	2	1638
40	33	2	2	1639
41	33	2	2	1640
42	33	2	2	1641
43	33	2	2	1642
44	33	2	2	1643
45	33	2	2	1644
46	33	2	2	1645
47	33	2	2	1646
48	33	2	2	1647
49	33	2	2	1648
50	33	2	2	1649
1	34	2	2	1650
2	34	2	2	1651
3	34	2	2	1652
4	34	2	2	1653
5	34	2	2	1654
6	34	2	2	1655
7	34	2	2	1656
8	34	2	2	1657
9	34	2	2	1658
10	34	2	2	1659
11	34	2	2	1660
12	34	2	2	1661
13	34	2	2	1662
14	34	2	2	1663
15	34	2	2	1664
16	34	2	2	1665
17	34	2	2	1666
18	34	2	2	1667
19	34	2	2	1668
20	34	2	2	1669
21	34	2	2	1670
22	34	2	2	1671
23	34	2	2	1672
24	34	2	2	1673
25	34	2	2	1674
26	34	2	2	1675
27	34	2	2	1676
28	34	2	2	1677
29	34	2	2	1678
30	34	2	2	1679
31	34	2	2	1680
32	34	2	2	1681
33	34	2	2	1682
34	34	2	2	1683
35	34	2	2	1684
36	34	2	2	1685
37	34	2	2	1686
38	34	2	2	1687
39	34	2	2	1688
40	34	2	2	1689
41	34	2	2	1690
42	34	2	2	1691
43	34	2	2	1692
44	34	2	2	1693
45	34	2	2	1694
46	34	2	2	1695
47	34	2	2	1696
48	34	2	2	1697
49	34	2	2	1698
50	34	2	2	1699
1	35	2	2	1700
2	35	2	2	1701
3	35	2	2	1702
4	35	2	2	1703
5	35	2	2	1704
6	35	2	2	1705
7	35	2	2	1706
8	35	2	2	1707
9	35	2	2	1708
10	35	2	2	1709
11	35	2	2	1710
12	35	2	2	1711
13	35	2	2	1712
14	35	2	2	1713
15	35	2	2	1714
16	35	2	2	1715
17	35	2	2	1716
18	35	2	2	1717
19	35	2	2	1718
20	35	2	2	1719
21	35	2	2	1720
22	35	2	2	1721
23	35	2	2	1722
24	35	2	2	1723
25	35	2	2	1724
26	35	2	2	1725
27	35	2	2	1726
28	35	2	2	1727
29	35	2	2	1728
30	35	2	2	1729
31	35	2	2	1730
32	35	2	2	1731
33	35	2	2	1732
34	35	2	2	1733
35	35	2	2	1734
36	35	2	2	1735
37	35	2	2	1736
38	35	2	2	1737
39	35	2	2	1738
40	35	2	2	1739
41	35	2	2	1740
42	35	2	2	1741
43	35	2	2	1742
44	35	2	2	1743
45	35	2	2	1744
46	35	2	2	1745
47	35	2	2	1746
48	35	2	2	1747
49	35	2	2	1748
50	35	2	2	1749
1	36	2	2	1750
2	36	2	2	1751
3	36	2	2	1752
4	36	2	2	1753
5	36	2	2	1754
6	36	2	2	1755
7	36	2	2	1756
8	36	2	2	1757
9	36	2	2	1758
10	36	2	2	1759
11	36	2	2	1760
12	36	2	2	1761
13	36	2	2	1762
14	36	2	2	1763
15	36	2	2	1764
16	36	2	2	1765
17	36	2	2	1766
18	36	2	2	1767
19	36	2	2	1768
20	36	2	2	1769
21	36	2	2	1770
22	36	2	2	1771
23	36	2	2	1772
24	36	2	2	1773
25	36	2	2	1774
26	36	2	2	1775
27	36	2	2	1776
28	36	2	2	1777
29	36	2	2	1778
30	36	2	2	1779
31	36	2	2	1780
32	36	2	2	1781
33	36	2	2	1782
34	36	2	2	1783
35	36	2	2	1784
36	36	2	2	1785
37	36	2	2	1786
38	36	2	2	1787
39	36	2	2	1788
40	36	2	2	1789
41	36	2	2	1790
42	36	2	2	1791
43	36	2	2	1792
44	36	2	2	1793
45	36	2	2	1794
46	36	2	2	1795
47	36	2	2	1796
48	36	2	2	1797
49	36	2	2	1798
50	36	2	2	1799
1	37	2	2	1800
2	37	2	2	1801
3	37	2	2	1802
4	37	2	2	1803
5	37	2	2	1804
6	37	2	2	1805
7	37	2	2	1806
8	37	2	2	1807
9	37	2	2	1808
10	37	2	2	1809
11	37	2	2	1810
12	37	2	2	1811
13	37	2	2	1812
14	37	2	2	1813
15	37	2	2	1814
16	37	2	2	1815
17	37	2	2	1816
18	37	2	2	1817
19	37	2	2	1818
20	37	2	2	1819
21	37	2	2	1820
22	37	2	2	1821
23	37	2	2	1822
24	37	2	2	1823
25	37	2	2	1824
26	37	2	2	1825
27	37	2	2	1826
28	37	2	2	1827
29	37	2	2	1828
30	37	2	2	1829
31	37	2	2	1830
32	37	2	2	1831
33	37	2	2	1832
34	37	2	2	1833
35	37	2	2	1834
36	37	2	2	1835
37	37	2	2	1836
38	37	2	2	1837
39	37	2	2	1838
40	37	2	2	1839
41	37	2	2	1840
42	37	2	2	1841
43	37	2	2	1842
44	37	2	2	1843
45	37	2	2	1844
46	37	2	2	1845
47	37	2	2	1846
48	37	2	2	1847
49	37	2	2	1848
50	37	2	2	1849
1	38	2	2	1850
2	38	2	2	1851
3	38	2	2	1852
4	38	2	2	1853
5	38	2	2	1854
6	38	2	2	1855
7	38	2	2	1856
8	38	2	2	1857
9	38	2	2	1858
10	38	2	2	1859
11	38	2	2	1860
12	38	2	2	1861
13	38	2	2	1862
14	38	2	2	1863
15	38	2	2	1864
16	38	2	2	1865
17	38	2	2	1866
18	38	2	2	1867
19	38	2	2	1868
20	38	2	2	1869
21	38	2	2	1870
22	38	2	2	1871
23	38	2	2	1872
24	38	2	2	1873
25	38	2	2	1874
26	38	2	2	1875
27	38	2	2	1876
28	38	2	2	1877
29	38	2	2	1878
30	38	2	2	1879
31	38	2	2	1880
32	38	2	2	1881
33	38	2	2	1882
34	38	2	2	1883
35	38	2	2	1884
36	38	2	2	1885
37	38	2	2	1886
38	38	2	2	1887
39	38	2	2	1888
40	38	2	2	1889
41	38	2	2	1890
42	38	2	2	1891
43	38	2	2	1892
44	38	2	2	1893
45	38	2	2	1894
46	38	2	2	1895
47	38	2	2	1896
48	38	2	2	1897
49	38	2	2	1898
50	38	2	2	1899
1	39	2	2	1900
2	39	2	2	1901
3	39	2	2	1902
4	39	2	2	1903
5	39	2	2	1904
6	39	2	2	1905
7	39	2	2	1906
8	39	2	2	1907
9	39	2	2	1908
10	39	2	2	1909
11	39	2	2	1910
12	39	2	2	1911
13	39	2	2	1912
14	39	2	2	1913
15	39	2	2	1914
16	39	2	2	1915
17	39	2	2	1916
18	39	2	2	1917
19	39	2	2	1918
20	39	2	2	1919
21	39	2	2	1920
22	39	2	2	1921
23	39	2	2	1922
24	39	2	2	1923
25	39	2	2	1924
26	39	2	2	1925
27	39	2	2	1926
28	39	2	2	1927
29	39	2	2	1928
30	39	2	2	1929
31	39	2	2	1930
32	39	2	2	1931
33	39	2	2	1932
34	39	2	2	1933
35	39	2	2	1934
36	39	2	2	1935
37	39	2	2	1936
38	39	2	2	1937
39	39	2	2	1938
40	39	2	2	1939
41	39	2	2	1940
42	39	2	2	1941
43	39	2	2	1942
44	39	2	2	1943
45	39	2	2	1944
46	39	2	2	1945
47	39	2	2	1946
48	39	2	2	1947
49	39	2	2	1948
50	39	2	2	1949
1	40	2	2	1950
2	40	2	2	1951
3	40	2	2	1952
4	40	2	2	1953
5	40	2	2	1954
6	40	2	2	1955
7	40	2	2	1956
8	40	2	2	1957
9	40	2	2	1958
10	40	2	2	1959
11	40	2	2	1960
12	40	2	2	1961
13	40	2	2	1962
14	40	2	2	1963
15	40	2	2	1964
16	40	2	2	1965
17	40	2	2	1966
18	40	2	2	1967
19	40	2	2	1968
20	40	2	2	1969
21	40	2	2	1970
22	40	2	2	1971
23	40	2	2	1972
24	40	2	2	1973
25	40	2	2	1974
26	40	2	2	1975
27	40	2	2	1976
28	40	2	2	1977
29	40	2	2	1978
30	40	2	2	1979
31	40	2	2	1980
32	40	2	2	1981
33	40	2	2	1982
34	40	2	2	1983
35	40	2	2	1984
36	40	2	2	1985
37	40	2	2	1986
38	40	2	2	1987
39	40	2	2	1988
40	40	2	2	1989
41	40	2	2	1990
42	40	2	2	1991
43	40	2	2	1992
44	40	2	2	1993
45	40	2	2	1994
46	40	2	2	1995
47	40	2	2	1996
48	40	2	2	1997
49	40	2	2	1998
50	40	2	2	1999
1	41	2	2	2000
2	41	2	2	2001
3	41	2	2	2002
4	41	2	2	2003
5	41	2	2	2004
6	41	2	2	2005
7	41	2	2	2006
8	41	2	2	2007
9	41	2	2	2008
10	41	2	2	2009
11	41	2	2	2010
12	41	2	2	2011
13	41	2	2	2012
14	41	2	2	2013
15	41	2	2	2014
16	41	2	2	2015
17	41	2	2	2016
18	41	2	2	2017
19	41	2	2	2018
20	41	2	2	2019
21	41	2	2	2020
22	41	2	2	2021
23	41	2	2	2022
24	41	2	2	2023
25	41	2	2	2024
26	41	2	2	2025
27	41	2	2	2026
28	41	2	2	2027
29	41	2	2	2028
30	41	2	2	2029
31	41	2	2	2030
32	41	2	2	2031
33	41	2	2	2032
34	41	2	2	2033
35	41	2	2	2034
36	41	2	2	2035
37	41	2	2	2036
38	41	2	2	2037
39	41	2	2	2038
40	41	2	2	2039
41	41	2	2	2040
42	41	2	2	2041
43	41	2	2	2042
44	41	2	2	2043
45	41	2	2	2044
46	41	2	2	2045
47	41	2	2	2046
48	41	2	2	2047
49	41	2	2	2048
50	41	2	2	2049
1	42	2	2	2050
2	42	2	2	2051
3	42	2	2	2052
4	42	2	2	2053
5	42	2	2	2054
6	42	2	2	2055
7	42	2	2	2056
8	42	2	2	2057
9	42	2	2	2058
10	42	2	2	2059
11	42	2	2	2060
12	42	2	2	2061
13	42	2	2	2062
14	42	2	2	2063
15	42	2	2	2064
16	42	2	2	2065
17	42	2	2	2066
18	42	2	2	2067
19	42	2	2	2068
20	42	2	2	2069
21	42	2	2	2070
22	42	2	2	2071
23	42	2	2	2072
24	42	2	2	2073
25	42	2	2	2074
26	42	2	2	2075
27	42	2	2	2076
28	42	2	2	2077
29	42	2	2	2078
30	42	2	2	2079
31	42	2	2	2080
32	42	2	2	2081
33	42	2	2	2082
34	42	2	2	2083
35	42	2	2	2084
36	42	2	2	2085
37	42	2	2	2086
38	42	2	2	2087
39	42	2	2	2088
40	42	2	2	2089
41	42	2	2	2090
42	42	2	2	2091
43	42	2	2	2092
44	42	2	2	2093
45	42	2	2	2094
46	42	2	2	2095
47	42	2	2	2096
48	42	2	2	2097
49	42	2	2	2098
50	42	2	2	2099
1	43	2	2	2100
2	43	2	2	2101
3	43	2	2	2102
4	43	2	2	2103
5	43	2	2	2104
6	43	2	2	2105
7	43	2	2	2106
8	43	2	2	2107
9	43	2	2	2108
10	43	2	2	2109
11	43	2	2	2110
12	43	2	2	2111
13	43	2	2	2112
14	43	2	2	2113
15	43	2	2	2114
16	43	2	2	2115
17	43	2	2	2116
18	43	2	2	2117
19	43	2	2	2118
20	43	2	2	2119
21	43	2	2	2120
22	43	2	2	2121
23	43	2	2	2122
24	43	2	2	2123
25	43	2	2	2124
26	43	2	2	2125
27	43	2	2	2126
28	43	2	2	2127
29	43	2	2	2128
30	43	2	2	2129
31	43	2	2	2130
32	43	2	2	2131
33	43	2	2	2132
34	43	2	2	2133
35	43	2	2	2134
36	43	2	2	2135
37	43	2	2	2136
38	43	2	2	2137
39	43	2	2	2138
40	43	2	2	2139
41	43	2	2	2140
42	43	2	2	2141
43	43	2	2	2142
44	43	2	2	2143
45	43	2	2	2144
46	43	2	2	2145
47	43	2	2	2146
48	43	2	2	2147
49	43	2	2	2148
50	43	2	2	2149
1	44	2	2	2150
2	44	2	2	2151
3	44	2	2	2152
4	44	2	2	2153
5	44	2	2	2154
6	44	2	2	2155
7	44	2	2	2156
8	44	2	2	2157
9	44	2	2	2158
10	44	2	2	2159
11	44	2	2	2160
12	44	2	2	2161
13	44	2	2	2162
14	44	2	2	2163
15	44	2	2	2164
16	44	2	2	2165
17	44	2	2	2166
18	44	2	2	2167
19	44	2	2	2168
20	44	2	2	2169
21	44	2	2	2170
22	44	2	2	2171
23	44	2	2	2172
24	44	2	2	2173
25	44	2	2	2174
26	44	2	2	2175
27	44	2	2	2176
28	44	2	2	2177
29	44	2	2	2178
30	44	2	2	2179
31	44	2	2	2180
32	44	2	2	2181
33	44	2	2	2182
34	44	2	2	2183
35	44	2	2	2184
36	44	2	2	2185
37	44	2	2	2186
38	44	2	2	2187
39	44	2	2	2188
40	44	2	2	2189
41	44	2	2	2190
42	44	2	2	2191
43	44	2	2	2192
44	44	2	2	2193
45	44	2	2	2194
46	44	2	2	2195
47	44	2	2	2196
48	44	2	2	2197
49	44	2	2	2198
50	44	2	2	2199
1	45	2	2	2200
2	45	2	2	2201
3	45	2	2	2202
4	45	2	2	2203
5	45	2	2	2204
6	45	2	2	2205
7	45	2	2	2206
8	45	2	2	2207
9	45	2	2	2208
10	45	2	2	2209
11	45	2	2	2210
12	45	2	2	2211
13	45	2	2	2212
14	45	2	2	2213
15	45	2	2	2214
16	45	2	2	2215
17	45	2	2	2216
18	45	2	2	2217
19	45	2	2	2218
20	45	2	2	2219
21	45	2	2	2220
22	45	2	2	2221
23	45	2	2	2222
24	45	2	2	2223
25	45	2	2	2224
26	45	2	2	2225
27	45	2	2	2226
28	45	2	2	2227
29	45	2	2	2228
30	45	2	2	2229
31	45	2	2	2230
32	45	2	2	2231
33	45	2	2	2232
34	45	2	2	2233
35	45	2	2	2234
36	45	2	2	2235
37	45	2	2	2236
38	45	2	2	2237
39	45	2	2	2238
40	45	2	2	2239
41	45	2	2	2240
42	45	2	2	2241
43	45	2	2	2242
44	45	2	2	2243
45	45	2	2	2244
46	45	2	2	2245
47	45	2	2	2246
48	45	2	2	2247
49	45	2	2	2248
50	45	2	2	2249
1	46	2	2	2250
2	46	2	2	2251
3	46	2	2	2252
4	46	2	2	2253
5	46	2	2	2254
6	46	2	2	2255
7	46	2	2	2256
8	46	2	2	2257
9	46	2	2	2258
10	46	2	2	2259
11	46	2	2	2260
12	46	2	2	2261
13	46	2	2	2262
14	46	2	2	2263
15	46	2	2	2264
16	46	2	2	2265
17	46	2	2	2266
18	46	2	2	2267
19	46	2	2	2268
20	46	2	2	2269
21	46	2	2	2270
22	46	2	2	2271
23	46	2	2	2272
24	46	2	2	2273
25	46	2	2	2274
26	46	2	2	2275
27	46	2	2	2276
28	46	2	2	2277
29	46	2	2	2278
30	46	2	2	2279
31	46	2	2	2280
32	46	2	2	2281
33	46	2	2	2282
34	46	2	2	2283
35	46	2	2	2284
36	46	2	2	2285
37	46	2	2	2286
38	46	2	2	2287
39	46	2	2	2288
40	46	2	2	2289
41	46	2	2	2290
42	46	2	2	2291
43	46	2	2	2292
44	46	2	2	2293
45	46	2	2	2294
46	46	2	2	2295
47	46	2	2	2296
48	46	2	2	2297
49	46	2	2	2298
50	46	2	2	2299
1	47	2	2	2300
2	47	2	2	2301
3	47	2	2	2302
4	47	2	2	2303
5	47	2	2	2304
6	47	2	2	2305
7	47	2	2	2306
8	47	2	2	2307
9	47	2	2	2308
10	47	2	2	2309
11	47	2	2	2310
12	47	2	2	2311
13	47	2	2	2312
14	47	2	2	2313
15	47	2	2	2314
16	47	2	2	2315
17	47	2	2	2316
18	47	2	2	2317
19	47	2	2	2318
20	47	2	2	2319
21	47	2	2	2320
22	47	2	2	2321
23	47	2	2	2322
24	47	2	2	2323
25	47	2	2	2324
26	47	2	2	2325
27	47	2	2	2326
28	47	2	2	2327
29	47	2	2	2328
30	47	2	2	2329
31	47	2	2	2330
32	47	2	2	2331
33	47	2	2	2332
34	47	2	2	2333
35	47	2	2	2334
36	47	2	2	2335
37	47	2	2	2336
38	47	2	2	2337
39	47	2	2	2338
40	47	2	2	2339
41	47	2	2	2340
42	47	2	2	2341
43	47	2	2	2342
44	47	2	2	2343
45	47	2	2	2344
46	47	2	2	2345
47	47	2	2	2346
48	47	2	2	2347
49	47	2	2	2348
50	47	2	2	2349
1	48	2	2	2350
2	48	2	2	2351
3	48	2	2	2352
4	48	2	2	2353
5	48	2	2	2354
6	48	2	2	2355
7	48	2	2	2356
8	48	2	2	2357
9	48	2	2	2358
10	48	2	2	2359
11	48	2	2	2360
12	48	2	2	2361
13	48	2	2	2362
14	48	2	2	2363
15	48	2	2	2364
16	48	2	2	2365
17	48	2	2	2366
18	48	2	2	2367
19	48	2	2	2368
20	48	2	2	2369
21	48	2	2	2370
22	48	2	2	2371
23	48	2	2	2372
24	48	2	2	2373
25	48	2	2	2374
26	48	2	2	2375
27	48	2	2	2376
28	48	2	2	2377
29	48	2	2	2378
30	48	2	2	2379
31	48	2	2	2380
32	48	2	2	2381
33	48	2	2	2382
34	48	2	2	2383
35	48	2	2	2384
36	48	2	2	2385
37	48	2	2	2386
38	48	2	2	2387
39	48	2	2	2388
40	48	2	2	2389
41	48	2	2	2390
42	48	2	2	2391
43	48	2	2	2392
44	48	2	2	2393
45	48	2	2	2394
46	48	2	2	2395
47	48	2	2	2396
48	48	2	2	2397
49	48	2	2	2398
50	48	2	2	2399
1	49	2	2	2400
2	49	2	2	2401
3	49	2	2	2402
4	49	2	2	2403
5	49	2	2	2404
6	49	2	2	2405
7	49	2	2	2406
8	49	2	2	2407
9	49	2	2	2408
10	49	2	2	2409
11	49	2	2	2410
12	49	2	2	2411
13	49	2	2	2412
14	49	2	2	2413
15	49	2	2	2414
16	49	2	2	2415
17	49	2	2	2416
18	49	2	2	2417
19	49	2	2	2418
20	49	2	2	2419
21	49	2	2	2420
22	49	2	2	2421
23	49	2	2	2422
24	49	2	2	2423
25	49	2	2	2424
26	49	2	2	2425
27	49	2	2	2426
28	49	2	2	2427
29	49	2	2	2428
30	49	2	2	2429
31	49	2	2	2430
32	49	2	2	2431
33	49	2	2	2432
34	49	2	2	2433
35	49	2	2	2434
36	49	2	2	2435
37	49	2	2	2436
38	49	2	2	2437
39	49	2	2	2438
40	49	2	2	2439
41	49	2	2	2440
42	49	2	2	2441
43	49	2	2	2442
44	49	2	2	2443
45	49	2	2	2444
46	49	2	2	2445
47	49	2	2	2446
48	49	2	2	2447
49	49	2	2	2448
50	49	2	2	2449
1	50	2	2	2450
2	50	2	2	2451
3	50	2	2	2452
4	50	2	2	2453
5	50	2	2	2454
6	50	2	2	2455
7	50	2	2	2456
8	50	2	2	2457
9	50	2	2	2458
10	50	2	2	2459
11	50	2	2	2460
12	50	2	2	2461
13	50	2	2	2462
14	50	2	2	2463
15	50	2	2	2464
16	50	2	2	2465
17	50	2	2	2466
18	50	2	2	2467
19	50	2	2	2468
20	50	2	2	2469
21	50	2	2	2470
22	50	2	2	2471
23	50	2	2	2472
24	50	2	2	2473
25	50	2	2	2474
26	50	2	2	2475
27	50	2	2	2476
28	50	2	2	2477
29	50	2	2	2478
30	50	2	2	2479
31	50	2	2	2480
32	50	2	2	2481
33	50	2	2	2482
34	50	2	2	2483
35	50	2	2	2484
36	50	2	2	2485
37	50	2	2	2486
38	50	2	2	2487
39	50	2	2	2488
40	50	2	2	2489
41	50	2	2	2490
42	50	2	2	2491
43	50	2	2	2492
44	50	2	2	2493
45	50	2	2	2494
46	50	2	2	2495
47	50	2	2	2496
48	50	2	2	2497
49	50	2	2	2498
50	50	2	2	2499
